-3.098006340224460420e+00
-8.825573958940022834e+00
-1.292496848728796444e+00
-6.615758463654867860e+00
-8.394831778558399904e+00
-1.611731558669657893e+00
-5.961841932357751617e+00
-5.714840587499337765e+00
-3.388097847652430605e+00
-2.433284801574541412e+00
-3.663502964996169453e+00
-5.232824963030299870e+00
-2.207108355912262621e+00
-2.582622692280025944e+00
-4.370091253049876556e+00
-4.608920158327849848e+00
-1.913011886054671207e+00
-7.073914229103746898e+00
-4.311204955235169223e+00
-3.142097535026470823e+00
-1.693529158202908391e+00
-2.916364417234152295e+00
-6.491722491745135493e+00
-3.043750552395785292e+00
-7.536225875457066792e+00
-2.755957391151507174e+00
-2.490734141309459027e+00
-4.399659246493111020e+00
-8.341748556824260419e+00
-1.750164899877207025e+00
-6.985007894263908668e+00
-8.281238908828491674e+00
-7.733121678278839894e+00
-2.007402930864910839e+00
-3.612421289927131962e+00
-1.889136136284594647e+00
-6.644798441626847740e+00
-5.284114762263220300e+00
-1.899343857820152026e+00
-1.216375429858365331e+00
-6.299144844479218186e+00
-8.292753262373773637e+00
-4.351314604831892474e+00
-3.007457101565876645e+00
-5.619456606806726207e+00
-7.326234436601752442e+00
-8.112338882292201570e-01
-4.156518145960014010e+00
-1.803813744967509125e+00
-1.242674393280320366e+00
-2.123828720878625731e+00
-5.074038907249457608e+00
-1.944859367178824128e+00
-2.382128799265542884e+00
-1.137136313689241174e+00
-4.821265835051086412e+00
-2.318740089462594689e+00
-6.123326783471489065e+00
-3.470002849331630834e+00
-3.240747345985394823e+00
-4.593676069626315694e+00
-2.705201597076897446e+00
-1.731603409207551403e+00
-7.756538213340046006e+00
-2.801167316343377234e+00
-6.187728300405948900e+00
-2.391441293670462986e+00
-4.680694448692294785e+00
-3.335589984165474142e+00
-5.907791523684771562e+00
-5.191385881044491946e+00
-7.880311484838530944e+00
-2.925952573089523945e+00
-1.693279126914973620e+00
-4.418911544150200932e+00
-2.034721555159611395e+00
-4.061882075343893561e+00
-4.301038454986098714e+00
-3.526422477245295894e+00
-3.427021664662302403e+00
-7.459609834993906397e+00
-7.250487422508666846e+00
-3.948007029979827109e+00
-5.505770471316795422e+00
-4.422161375665726979e+00
-3.533189138286497499e+00
-3.516488714384424341e+00
-7.183160946203957842e+00
-3.010261614528305429e+00
-2.306151865919778388e+00
-2.025476866191262548e+00
-2.106922323129424957e+00
-5.113124526003622883e+00
-2.834043271059173197e+00
-3.064032754919758350e+00
-1.431056538879843298e+00
-2.313058966188885623e+00
-6.013627113839596916e+00
-3.165948432242254640e+00
-4.997398303335331526e+00
