-5.937225527885869880e-02
-2.230140812635136166e-02
1.033626848216028099e-01
1.644231893576912629e-02
2.513402211007247783e-02
-3.901164489511842193e-02
7.381985335131235892e-02
-1.909819829710156236e-02
7.395674984028785537e-02
6.406670611112272318e-02
-6.690182516620674091e-02
-6.525676304563556018e-02
-9.900988362102139395e-02
5.727778405782778942e-02
3.639373225361722253e-02
2.944603369108648441e-04
-6.917222178429371926e-02
2.459336160889313144e-02
1.644256715640766697e-01
1.351440804421491504e-01
2.469175460211432108e-04
2.357267384449707182e-02
1.252176710778184383e-02
-6.960465319706192477e-02
4.817659917592651692e-02
7.162928509635016483e-02
-4.439889542749402007e-02
-1.103114256892613262e-02
1.041189066295641723e-02
1.537179991591802186e-01
-4.301515126554685681e-02
7.268317897807091699e-02
1.400263479090678269e-02
-1.140263300542625896e-01
-5.524980158021378096e-02
4.910231769388133383e-02
-1.521921025907956374e-02
-1.294873478067311637e-02
-5.538610239886263692e-02
-1.173546151838020801e-01
-6.412670017400383740e-03
4.104807552165058021e-02
-2.788043928385659440e-02
-7.540869276820719169e-02
8.043589901519921509e-03
1.201980393140640591e-02
-6.684916306171492795e-02
-2.533719072030318070e-02
4.382026491378802902e-02
-6.098212168112002174e-02
6.177281747066640932e-02
-2.080349216889385011e-02
-2.351946638154194663e-02
2.103219030735252459e-01
8.075417894087695558e-02
3.055574317567262208e-02
2.155651763833530687e-01
1.805718580757047220e-02
-2.235292908689831201e-02
4.006049337310957359e-02
2.114581143053255799e-02
2.672083335476724275e-02
1.194690134120676289e-01
2.619039776354116500e-02
3.996601840335626404e-02
1.998259821444076014e-03
-7.018001663127215739e-02
-1.476208186755891515e-02
-1.138491164006105380e-02
2.422581054155350383e-03
8.526633963520919776e-03
-1.751700911577819611e-02
-1.256403286572036759e-01
2.547693018220654332e-02
1.036663593396183747e-01
-3.883269834783897173e-02
9.716111048850650800e-02
-9.856293021457834813e-02
-9.841507220555496815e-02
6.331421984748454926e-03
1.619032373801456912e-02
1.366459814793524220e-02
-1.558377836479897249e-01
1.383705323576310021e-02
4.016375873330683792e-03
-5.569086071083598904e-02
-3.168143276271339487e-02
1.511789414930161252e-02
-2.125057733468692922e-01
2.328182956087524597e-02
-4.270612484215896565e-02
-1.924965929511344639e-02
2.685699147005640719e-02
-1.590248492727255047e-01
-2.519723804772225351e-01
2.222946778796112688e-01
1.013889094227477111e-01
1.969361513034499633e-02
-1.367240825419308581e-01
-1.255540122624477497e-03
