-7.527441479436705052e-01 -5.693929208851911117e-01 7.043478544874715030e-01 -1.118368120136803978e-01 -2.437470615397895404e-02 2.259124611591924181e-01 5.420678921984709575e-01 -3.780439292864281042e-01 1.623843489841713672e-01 -9.164706091437692381e-03 1.659380253027198659e-01 3.508128310826588714e-02
8.002668272627826429e-01 6.015567515323766434e-01 -2.779708387969798689e-01 2.143902146140294063e-01 -1.371804986025420940e-02 -1.267638414868638153e-02 -1.841362140040624373e-01 5.835847205749598032e-01 2.066478026824984937e+00 -7.296744940894598318e-03 -3.418126344515606818e-01 -3.419852136678685817e+00
-7.682604724676096453e-01 -3.304536785261175336e+00 -2.670902863821775775e+00 -6.353936504068883329e-01 -1.669497041328180803e-02 1.774370605025325398e+00 -2.799926216843852678e-01 -3.155318300919607744e+00 3.588231481553593838e+00 8.194809220912783188e-01 3.228615024948045420e+00 1.439278505054037316e+00
-1.268208357839145872e+00 -7.003335738566949242e-01 -1.393919130841092535e+00 2.590208541150803012e-01 -1.376446939196176653e-02 -3.364167737313530221e-02 1.598629986591397767e+00 2.252662308989398010e+00 -3.603592280218282706e+00 -4.709191469955614773e-02 2.896438270076239885e+00 4.103291454446317960e-02
2.019906121319063441e+00 -7.150888474017068619e-01 2.374725603818932385e+00 1.428692085987174787e+00 -1.751702640118588811e-02 -2.798594730776300665e-02 1.672786908727084576e+00 -8.483274615923623863e-01 -1.149474436359032792e+00 -1.600797208782162723e-02 -2.301324198244412145e-01 -4.474079262792721501e+00
1.692523824997219428e+00 -2.016143450305461382e+00 -8.631739734446106649e-01 2.047934621030621738e+00 -5.728119102409019031e-03 6.443408835637064458e-01 -2.004256774836215449e+00 -6.100784092115723034e-01 5.686520874584140017e-01 4.227120078143490334e-01 4.779382182737154094e-01 -3.558439386997847009e-01
5.712777575245052697e-01 9.637405113460920103e-02 -4.905605009821124157e-02 -2.546442555624547910e-01 -2.393277503062020417e-02 -1.356088803616038035e-02 -5.465224425039423573e-02 -2.557416750851462250e-01 -1.112346881852856739e-01 -1.955091131135388086e-02 -2.551581616138965183e-02 1.297207649516212147e-01
-1.529433106673822040e+00 -2.293459316313795071e+00 -2.041230670548979942e-01 -8.600886886575462853e-01 -2.262560311734372609e-02 -3.107268028325844630e-02 -1.102720485316617038e+00 3.888177888161148843e+00 2.848476968205096438e-01 -6.668255432954542372e-02 -5.882575122997431016e-01 2.558716369942366953e+00
-2.295648566355716902e-01 -6.570364697592148140e-01 -1.568279531391549575e-01 5.987116157667748961e-01 -2.954451114280789298e-02 4.388098767511743048e-02 -5.595988847693713630e-01 -6.097663062296790337e-02 8.436786569173362338e-01 6.384946097483934491e-02 -4.333921175092043665e-01 5.670666042643396354e-01
-1.088151288963266738e+00 -7.212998675087864409e-02 7.257558796242312704e-01 -2.888412785639499769e-01 -1.352368603373222539e-02 3.555504820240533714e-01 1.507810017390257551e+00 -1.790554507848857169e+00 1.427774862192531247e+00 4.248353676177564431e+00 -4.324520243832595257e-01 -4.579580474876505214e+00
-1.104904062225069983e-01 1.108606874391338259e-01 -2.771296647434948190e-01 -4.904592860152968276e-02 -2.038206228490801325e-02 1.481351010938365166e-02 1.355796655426878550e-01 -4.545914822089176972e-03 2.940396601299941071e-01 2.281823420641568290e-01 -1.585079061509455933e-01 -1.339764165329993539e-01
1.219742425130138530e+00 -9.680254091906937974e-01 -1.630848970134625431e-01 -6.047727782345187209e-02 -1.709124644701557824e-02 -1.962582957798651197e-03 -8.419496100547245732e-01 5.287969240736017928e-01 -1.491979900646884349e+00 -4.953793997563171736e-02 -1.195584860861780729e+00 3.027786092469987089e+00
1.770643615496688916e+00 -3.694883198190590523e-01 -1.143043316426509692e+00 3.828665306595404605e-01 -9.828518436342593631e-03 -4.705838833887274752e-01 -1.896342867399093635e+00 -3.234880798477357544e-01 7.076944429766430567e+00 1.873661812049128628e+00 6.310650844034425555e-01 -7.485304116737098390e+00
-1.218625260490240891e-01 3.550517237870978171e-01 2.413689893872717485e-01 1.133546035415161080e-01 -3.817530779579256239e-02 1.368936727648165097e-01 4.318390863209661257e-01 -3.104685899965292650e-01 -1.164611490589424037e+00 2.143914871086705087e-02 -4.303047137022756874e-01 7.666166407368057989e-01
-1.196214143745729513e-01 -9.266958067205410821e-01 -2.557869394273934449e-01 1.800423928788477679e-01 -3.111449044550713972e-02 1.120950975061275716e-02 -5.566517312210239599e-01 4.635210988559647638e-01 -1.323644545951468299e+00 3.857103941057306584e-01 -8.940847058771045353e-01 3.051053211206250282e+00
-9.825260342653766021e-02 -1.564145017817840811e-03 -1.035625635137375350e-01 -1.316801188917561816e-01 -3.402451627172206616e-02 -7.076236600845710117e-05 1.326570073420437097e-02 4.576200797451061564e-01 -4.336194295567669804e-02 2.120067511471878871e-02 4.512180040471024806e-02 -1.431416624293651574e-01
-5.396956690565926085e-01 3.400235456633453057e-01 -1.531938409422762826e-01 1.207609953055972796e-01 -4.912161807617395487e-02 1.926910033692081248e+00 -4.665252257694879612e-01 1.576119697036129086e+00 -4.331681592154654759e+00 1.893325920308510879e+00 -8.245522967510471313e-01 5.312219108395902500e-01
-1.214195079427131452e+00 -2.362892641817152750e+00 -2.760471947164297446e-01 2.041499647628634229e+00 -1.964701764609238718e-02 -2.148517006423661044e-02 -1.525029126102021237e+00 -1.072613679069590376e+00 3.963589580064675655e+00 6.719289281219563946e-03 -7.511158263633836984e-01 1.216317413317510532e+00
1.090095249480222545e-01 -8.158699360471080575e-02 1.731883855485603640e-01 5.658476290445937223e-02 -2.481774267956145599e-02 2.619390468774232886e-02 1.262644804366121476e-01 -3.933192495066845443e-03 -2.190407220466976668e-01 2.337665027391060482e-02 1.796608204467509129e-01 -3.716593707701104088e-01
9.759325384208779042e-01 -1.745721711025656764e-01 -1.992951834075764372e+00 -2.011432070397985772e+00 -9.055195247526541188e-03 -2.573903360614790414e-01 -9.833403885189873073e-01 -3.935160417322048687e+00 1.357167992945974255e+01 5.072644117800029218e-01 -7.101065603042507890e-01 -4.968092587181970110e+00
-1.358761122993838333e+00 1.380273330404811066e-02 -3.925537277175266127e+00 -1.796350629589081871e+00 -1.360069663226789842e-02 1.682034732453182579e+00 8.437864919965319677e-02 -3.233991667060529096e+00 -3.104035492469267243e+00 7.081152545155519284e+00 -1.782539423297243353e+00 6.374672410792261878e+00
-1.366601496765453838e+00 3.965330325423729096e+00 -2.300231940567576405e+00 -1.612586847042008165e+00 -1.710992050358416811e-02 7.828023669764012649e-01 1.391740232938332711e-01 -8.514617320162608527e-01 -8.176045022883380753e+00 -2.570409520516336310e-01 -1.967203964582954212e+00 1.169067013263945931e+01
4.712169648128347044e-01 2.480571422022814776e+00 -5.050241397834321910e-01 -8.556209032564811023e-01 -2.511657225282253394e-02 -1.329945404639423442e-02 2.521491473330419897e+00 -2.445447151243928197e+00 -7.033188683854472156e-01 2.290501276573908215e-02 3.000385165800855680e-01 -1.276588755241365725e+00
-1.075973467747139534e+00 4.151964219627980734e-02 -1.806636978456991782e+00 -2.819701226651052384e+00 -1.240071640955957288e-02 2.123964421074016340e-01 2.691258441442354044e-01 -2.054776316161023519e+00 1.028305991710689593e+00 -1.336645990638763992e-01 2.569776624516975971e+00 3.777111380275377517e+00
-2.948259805982123449e+00 3.218391383245178261e+00 1.911236235834285369e+00 9.517696565898385863e-01 -6.541109599477399825e-03 -1.083047314012302968e-02 -2.588580064415488824e+00 7.896407563188668766e-01 -2.300339797323771585e+00 -1.954879159078790063e-02 1.184128702228894880e+00 -1.860425517507489634e-01
1.786965599432987384e+00 1.762040183535072413e-01 -1.507961767647008067e+00 -2.048661900962148508e+00 -1.026578080542732765e-02 4.215610209035739464e-01 1.492202330756776663e+00 -4.107501118491946102e+00 1.408591924026305175e+00 7.445618147296730882e-01 -1.299822443838143382e+00 2.937039807097496347e+00
-3.027891965137577301e+00 2.039341667840144812e+00 3.081743363417310366e+00 2.880488687547004822e-01 -8.140346502032155124e-03 2.939279551996267989e-02 -8.954420074514540806e-01 -2.504067475712107527e+00 7.786680892129165255e-01 -6.832789330460706245e-02 -1.452767881052454024e+00 1.739152639338292117e+00
1.154890150318143238e+00 -1.010224454475433742e+00 -1.364646564951136565e+00 -1.832502606369849740e+00 -6.102376157303007059e-03 1.339149879150631495e-01 2.377968355294855840e+00 -6.372733366500964447e-01 -3.026279264171277461e+00 1.897983744583708887e-01 3.548217308307691109e+00 4.824936803944319674e-01
-2.019947569705881907e-01 -2.103037452602896373e-01 -1.724820008340263722e-01 -7.826356933746804467e-02 -3.821309943066495546e-02 -2.996860196992489830e-02 1.184712846439748835e-01 5.152947649016580423e-01 -6.641511923746477863e-02 -3.640613281811126006e-02 1.829330967625180659e-01 2.236770497725975443e-02
-3.579545849268898072e-01 -3.618305797167778882e-03 -3.682367775643829777e+00 3.111364705179869627e+00 -2.157317878827838889e-02 -1.490653145116002838e-02 1.452640934450447174e+00 -3.431774124384038060e+00 -7.055298705288945982e+00 -1.508584629175905023e-01 5.229431221550928655e-01 9.658904734609816245e+00
3.483738804489685398e-02 6.194190963901258923e-02 -3.890764841926354634e-01 -3.572631725517892015e-02 -2.933141168400218990e-02 -1.814828296832753096e-02 -4.424853679825249686e-02 -1.306774773416423951e-01 -9.509002909760594369e-02 -2.172235438157098242e-02 2.103554408569966588e-02 6.641008467830347151e-01
1.808575356909118692e-01 3.282446933739533584e-02 -1.388008349430792585e-02 -2.963137339098272094e-02 -2.413533053325183503e-02 -1.461163323414393748e-02 -1.021613740257748711e-02 -1.065130876447762387e-01 -3.478562630115032694e-02 -1.634897232244767601e-02 -1.627584008949156690e-04 3.094496584583479246e-02
-2.306189663540210599e+00 -5.053242397621163784e-01 3.521245988881898104e-01 -1.398929440480645381e+00 -1.752587730930731114e-02 -1.135660743882595421e-03 5.268791540926457406e-01 -3.187583938457774768e-01 4.368232804346215303e+00 -1.607109773342670078e-02 -1.433066506577667543e+00 7.394025281442063724e-01
-3.098971759266116788e+00 -6.881132343865137280e+00 -4.753827658351626795e+00 -2.955375708969653292e+00 -1.148531835132342478e-02 3.130495205334370201e+00 4.320616759318471445e+00 1.463359491037745208e+00 8.106545186311977957e+00 -1.417649636806914311e-02 -3.206332826370267952e+00 3.873426438743619027e+00
6.331341987505805236e-01 1.505081248635324220e+00 -2.889707488063549601e+00 -8.400520253174924568e-01 -1.508941106673781021e-02 -3.205102995608714034e-01 1.676710122473927533e-01 -6.603765221708514099e-01 6.915406529937074609e+00 -9.308488411758074621e-01 2.131508976896616225e+00 -5.717507599460479817e+00
-5.531953748598956722e-01 -1.851303335716839360e+00 -1.705393346244174824e+00 -1.129313864384601657e-01 -2.156293829847341290e-02 1.176893565670645181e+00 -1.972429461083636149e+00 -8.108621153510786606e-01 -7.965360489963577706e+00 1.389200954826367518e+00 -1.249959185413663132e+00 1.367488633890980942e+01
9.030968941404879727e-03 7.921327765957679734e-01 5.604747688916873471e-01 2.821057996765249598e+00 -1.001251232932866969e-02 1.276939320971228094e-02 5.909255105886949133e-01 -1.157795340564655939e+00 -1.189181405470948638e+00 5.361887975362475411e-02 1.947152494705729764e-01 -2.676635377036158392e+00
3.472065627831218748e+00 -2.101122362382951358e+00 -8.452835202129325154e-01 1.750767664264516743e-01 -1.040421827436224973e-02 -2.114399493516787992e-02 -4.101906467842743598e-01 -1.805449542841299215e-01 -1.342189451993879956e+00 -6.249770514277002906e-03 -7.368802514877829113e-01 1.988663860180650556e+00
-1.821016954452671976e+00 1.140035315291155982e+00 -4.105225259544444949e-01 -4.315230649432533205e-01 -2.333414765382946926e-02 -7.942401697097332958e-02 1.029694904894903118e+00 -1.694128659021337358e+00 -8.482701158159906996e+00 1.754802037169590212e-01 -6.686519764619324180e-01 1.127372031533340291e+01
-2.346555925460401593e+00 -6.930210245980902073e+00 -3.402900624582226641e+00 -1.981833263108020438e-01 -3.114745765001128083e-02 1.680687873237222796e+00 -3.019675421739342891e-01 -3.710360210434114236e+00 8.741579346196898248e-02 -3.867795976958773307e-01 9.653861722137795809e+00 5.871335980317686776e+00
-4.773418136197706690e-02 -1.002679801711112484e+00 -4.160655700283391600e-02 1.515598197297923999e+00 -1.420543164642349733e-02 -1.203935383462629606e-02 -1.082306746247498896e+00 -5.643158723668748600e-01 1.470239933892841577e+00 -1.028092894964519229e-02 1.559157622448747116e+00 -1.768592217728690130e+00
2.779573395828227600e-01 -2.001269161116604467e-01 1.718748376195528449e+00 -4.162981860443201731e-01 -6.691593081387458425e-03 -1.683655978478148033e-02 -4.118414252299560929e-01 -2.167117119054945196e+00 2.785515164433923108e+00 -2.333934553889517767e-03 9.788597349336065623e-01 -2.526123260877989551e+00
-1.490654644151605535e-01 -3.994450986418615068e-01 4.831042275224480681e-02 -5.635328486309166413e-02 -1.500818668733747141e-02 5.070382172635298779e-02 1.903121519387857841e-01 -1.065517855113932294e-01 4.399137523109158399e-01 1.610718466606371191e-01 -2.738829271411016286e-01 1.128342637488653627e-01
3.752970411335389223e+00 6.828599032199267338e-01 -2.246126246462284648e+00 -2.609728334313039078e+00 -3.596133584553194013e-02 8.167128628176814620e-02 -9.439613910202399039e-01 -2.538825886614787031e+00 7.125263615716033172e-01 -3.204703723370369572e-02 -3.823038068197786465e+00 6.983682976730364977e+00
2.087360841131868927e+00 2.762959231556048612e-01 -6.355297635558206093e-02 6.545503743910567884e-01 -1.130163523306175477e-02 1.359400863336061686e-02 2.438504598302052018e-01 3.501688338931175259e+00 -2.714297039509856901e+00 -4.747325075938690214e-02 -1.738547420336471250e+00 -2.219628397489288751e+00
3.228476712450329966e+00 -9.385447921476622879e-01 -1.191268718881384414e+00 7.669412392443112347e-01 -1.041376398927333462e-02 -7.801066352965356325e-03 -1.514758527421714573e-01 -2.295966876828988035e+00 9.624347922277365353e-01 -4.133154103054447782e-03 -2.008101427542092476e-01 -1.674704744327785155e-01
-2.160659904211945648e+00 1.879098646991712585e+00 -2.782174336599396725e-01 -2.139849928360086917e+00 -7.017909297732285133e-03 2.124170024251341715e+00 9.809824070422955566e-01 -1.430235675018805885e+00 1.108545863592988567e+01 -6.331232507748081328e-01 -1.249164580855757656e+00 -8.193556863763763687e+00
1.011143262057548897e+00 -1.113072364419197768e+00 6.280034383535727516e-01 8.300452879971120801e-01 -8.111035784668277349e-03 -2.125598048586689603e-02 -1.802173225148236690e-01 -2.048935095484477387e+00 3.877625516570033071e+00 -6.448830193475971195e-02 -1.158511198775843409e+00 -1.767686940951844088e+00
6.147699938823053545e-02 -3.212095184846087276e-02 -1.583244810513506629e+00 -9.111020107984278971e-01 -1.301480920544394355e-02 -9.018781197445363551e-01 -9.658066286645358156e-01 1.826400778898294552e+00 1.092204042311161238e+01 1.675615405548904535e+00 -2.258680815683121512e+00 -7.831047416879038714e+00
-1.456312961884284052e+00 -1.913362370808809221e+00 8.763767262626409149e+00 -1.450015413721325253e+00 -1.732471981621314452e-02 6.344015530688214000e-01 -2.900884848995044507e-01 -2.882543628937638935e+00 2.605484485605342293e+00 -2.655958256320603450e+00 -5.529666408803579181e+00 4.202901864201749049e+00
1.593859547265482346e-01 5.369849705559209124e-02 8.668859125587884407e-01 -6.955978837013825078e-02 -3.090684756020485938e-02 -5.847291885385047516e-02 -9.823450362759157672e-02 -3.243660449257932954e-01 -1.668967539669138911e-01 1.382515288870432846e-01 -4.124453840993068665e-01 -5.165754030792794188e-02
2.496796538204324012e+00 3.018326165370344150e-01 -2.520734897405959574e-01 -2.384128312037498088e+00 -2.030879461254861060e-02 -5.447651594154233334e-02 -1.039239886533164903e+00 2.927851944060428480e+00 -1.439087136709251979e-01 -1.035883377565668950e-01 -1.084414831779899835e+00 -6.291573612875858146e-01
-2.622708090235807088e+00 1.760656066767692374e-01 1.180491458379209213e+00 -3.216256736963122864e-01 -1.388777675712346213e-02 -2.450674944175341291e-02 2.707140591710917477e+00 5.609212703865914307e+00 -4.282351869191424854e+00 6.640908426613719717e-01 2.977168256277323621e+00 -6.044320041001178367e+00
1.263953466582591112e+00 2.977634223264975510e-01 4.882657890537722145e-01 -1.586915590307425017e-01 -2.417476687304294380e-02 2.222883375409807349e-01 -9.601614345051692201e-01 -9.788561375887007143e-01 8.522694189301561751e-01 -4.916331369232799231e-01 -4.699245693307239069e-01 -4.840730791470403832e-02
-4.293554167349319384e-01 -1.782047413896243437e+00 -7.128240150422219479e+00 1.825875276534096203e+00 -1.650318571519091351e-02 1.387248379061715386e+00 -3.354589850443017163e+00 8.377429760152017124e+00 6.969685249985004383e+00 -1.447874582049738290e+00 -8.182847194414994973e+00 3.796140054172681744e+00
2.204986150719561722e-01 -9.646372082751175636e-02 -5.343948218940400841e-01 5.910711575467737511e-01 -8.013621322949245757e-03 1.653765044270103304e-02 2.839901682944155625e-02 4.606484053922640931e-01 -2.732930081350352647e-01 4.021590738320859199e-02 -1.367116116829643624e-01 -3.007002577800982901e-01
-2.715514402024660878e+00 8.855371150548762671e+00 -5.164100916660252949e+00 -3.268876709341869136e-01 -1.705996458253956211e-02 2.065182797404867543e+00 -2.453010856278553309e+00 -2.255017335342643925e+00 7.348952050432381533e+00 -4.322845002012618010e-01 1.272518901811703129e+00 -6.169403592424512972e+00
-7.054959520374486093e-02 -1.229178380640723045e+00 -4.640602338075568434e-01 1.402953770975473358e+00 -1.619070066951954975e-02 -9.670513378250474718e-03 -8.602349906008989466e-02 1.510218664676084011e+00 -3.220641691961228847e+00 -3.876824167916855662e-02 5.303349536378398454e+00 -3.054444557405561866e+00
-1.963718084627608662e-01 3.402982615572228697e-01 -4.598140769452127574e-01 1.953384422304263457e-02 -2.999289903200027738e-02 3.665952678372271650e-02 -6.966088875950975090e-02 -3.884726504708162498e-01 2.760350356930236226e-01 3.091529769286088802e-01 4.034059537193201983e-02 9.588689960959641267e-02
-1.641145536688867423e+00 2.469648812639098967e+00 5.133442573170080570e-01 2.295523295514630135e-02 -1.607673469641610065e-02 -3.032467481748606433e-02 -2.354582432012202464e-01 -1.545780673705819952e-01 -4.162456271719745082e+00 -1.183410261517486503e-02 6.711165085863128876e-01 2.581134221419265629e+00
1.174294222859864512e+00 -1.293520011306888762e+00 -3.419281113478686018e-01 8.782395283725953627e-02 -2.037732099270826019e-02 -5.591424178878661236e-03 -6.050602884238833745e-01 -2.939097859749594255e-01 4.070174025560737263e+00 1.109444017420217754e-02 -6.464396112367299940e-01 -2.129291423671119343e+00
1.131206826457289427e+00 5.988117781833946829e+00 -9.351592783305880952e-01 -2.279560162095635723e-01 -1.649684719721287995e-02 5.642896171332919542e-01 1.445290259796598864e-01 -3.050177136988972748e+00 -4.051039748732957690e+00 1.000127532624930093e-01 -5.022463463952144824e-01 8.354064993992024180e-01
5.143396031536434654e-01 -4.588774594203028773e-02 -3.348449704189850884e-01 -1.486834267112595032e-01 -1.516240309852278853e-02 2.688162073590275036e-01 -3.183028277793360436e-03 -3.901175895882451616e-01 -1.569080406698039054e-01 3.303537367264585134e-01 9.504209879768866776e-01 -9.629615444480902342e-01
-3.241033385209269313e-01 1.990873626323668599e+00 1.121546915571994152e+00 2.319278724666606450e+00 -1.512668325878051452e-02 -1.845901552166867576e-02 3.278081268726716901e-01 -1.086191971194303330e+00 -3.323260776723935273e+00 -2.333714648313447992e-02 -1.266983243123630754e+00 2.848659925462468379e-01
-1.146355465091165732e-01 1.445137306467446925e-01 -6.438786021698916784e-01 -1.382022361642306074e-01 -1.727984664692524749e-02 2.480892245092287951e-01 1.858840758471415333e-01 -6.962571262299970254e-01 5.168674883729351688e-01 1.549487462226432077e-01 -2.212876814519772195e-01 5.504755950541833087e-01
-2.468038882897438668e+00 3.091149652398054726e-01 1.431284271694025945e+00 3.403296443537815019e+00 -1.563501242288240639e-02 1.197159280346034999e-02 2.314055936986092465e+00 -6.277712903251113641e-01 -4.727650385000231048e-01 -3.900663336968877848e-02 -1.848502664221158831e+00 -2.004448208765971629e+00
-1.534137169676812240e+00 -3.430307304697179038e+00 -1.602011128519148286e+00 2.438344012262253724e+00 -2.569385693801788662e-02 2.140473477184740569e-01 3.120221205347212035e+00 -1.743921496728040310e+00 -6.952229459848632942e+00 1.116345984456703855e+00 -1.121436356924672584e+00 9.540698354165121131e+00
1.272983960037519513e-01 1.259736818326978591e-01 -5.906041540959430236e-01 5.180246679028818191e-01 -1.953434166279821235e-02 3.593895083812963936e-02 6.572324013411275923e-01 5.178448869019303125e-01 2.973653360934667145e+00 2.675703355361044172e-02 -1.244988381615709905e+00 -3.127366183193567295e+00
-1.174349634493782935e+00 -2.054000639019792462e+00 -3.703992304921833956e+00 2.428085461756894325e+00 -1.636978930324736736e-02 -3.002409039857619200e-01 -5.952925809059086415e-01 4.086391871006577858e+00 2.078470729532133632e+00 -3.514912125815334298e-01 -1.257340838600893074e+00 8.804244242636689588e-01
2.164450526758871618e+00 1.308720497703171448e+00 -5.595728900947145590e-01 -1.870027505696442716e-01 -9.669783728835895653e-03 -2.285306808641385939e-02 3.613873746695891231e+00 -4.779936056843149816e-01 -1.284230903971226745e+00 -4.282191665604308944e-03 -1.571523394998770140e+00 -2.974608997740498584e+00
8.236311135765473912e-01 1.261658395750643535e+00 -2.732861072324963558e-01 -1.081628093821401446e-02 -3.034610745852571109e-02 -2.310973451098467107e-02 -8.871808293253925504e-01 -1.182292336006243616e+00 3.312457036519897535e+00 -3.898888636249532753e-03 -9.462884038332249892e-01 -2.040104978209551945e+00
3.295912307483779280e+00 -7.278891329025338752e-01 -7.069793881843270400e-01 -2.667084812769991986e-01 -1.374089023853587721e-02 -2.230586620499448725e-02 -1.594037995996747004e+00 -1.509772327533515091e+00 -9.936375028253980890e-01 -1.156547627972061808e-02 -3.362915975323711448e-01 2.916598930614131113e+00
2.410939037613271385e-01 -3.044584202443873178e+00 9.252256470686454071e-01 -9.015768893091702374e-01 -1.812988333638331645e-02 3.596817277231584065e+00 1.773352334406570030e+00 -2.052405207617695737e-01 3.754404179496006133e+00 -5.674089361468272197e-02 4.287927166362305087e+00 -1.035056714570286296e+01
6.709184633199309911e-01 1.585526025598884781e+00 -1.994101582472710965e-01 3.062147964634080122e+00 -2.197830808480827694e-02 -6.199024813741984552e-01 2.391626391312028588e+00 7.218591857896369923e+00 -8.177511351290492669e+00 -1.217841444561231556e+00 -4.259347473461490452e+00 -4.561344873340522077e-01
-2.335708179346974445e-01 2.412894186651900752e-01 2.293695970886159563e-01 2.615053835457559761e-01 -1.508860362025666799e-02 5.609749797721502035e-02 -1.437807356919646729e-01 -5.376958681780676930e-01 -2.642472713056454592e-01 1.435360250187657505e-01 5.751831428460921769e-01 -3.124139836984418661e-01
-4.456760966605991525e-01 -7.027358186881547120e-01 -1.460527211642562162e-01 8.414492881701095550e-01 -3.424582010289901890e-02 4.689186901444873379e-01 -8.755112805083263838e-01 -5.787580640907605822e-01 2.246826757934091423e-01 9.320821094276304786e-01 2.401548646521978470e-01 7.414182848364711531e-02
-8.513621701506110528e-02 -8.754139814229955352e-02 -6.415796960212245825e-02 -5.785432416131074812e-02 -2.900348996919557831e-02 8.456408559865066787e-02 5.550850421111064303e-02 4.887068073944927926e-01 1.381415034597051894e-01 7.992040361460998887e-02 -3.763841231441973911e-01 -1.305989081653310124e-01
2.729907744641049128e+00 -2.384678068081815372e+00 9.486763432472919977e-01 -9.849002262294201948e-01 -1.901480859756997377e-02 -1.285860187638255825e-01 3.239368846214057407e-01 -2.182117025763600782e-01 6.438516747066144852e+00 -6.633460772100308045e-01 -2.566480212890406509e+00 -3.473675554752917449e+00
1.316766005939352446e+00 -8.195939295262452684e-02 -4.765162852281006889e-01 -2.037098056410718616e+00 -1.001306968530942844e-02 2.200150355619823472e-01 -2.045290675462422048e+00 4.354167796975257354e-01 -5.253838261532077780e+00 -3.102072771910901472e-01 -6.033531539032549462e-01 8.862635236975020092e+00
-2.548191714877598782e-02 2.548019972100559194e-01 -3.039126815863401609e-01 1.002834832436954628e-02 -3.187457655433643955e-02 1.090858787080359882e-01 -1.310896884958773490e-01 -4.508269992185720554e-02 1.857381040995371990e-01 2.420730351666049718e-01 4.575025474616922078e-02 -3.042030510252545228e-01
2.985825472384184831e+00 1.294224793995968126e+00 -3.725147900732119766e-01 2.139605195067255661e+00 -6.869707604923605201e-03 -3.880270259234796289e-03 1.372394337232088202e-01 -1.600060150653419777e+00 -6.758124848539973639e-01 -1.530979163951864085e-02 -8.770017521386408443e-01 -2.997049873701525868e+00
-1.249589757333237738e+00 9.051021403062020632e-01 1.802432239058424368e-01 -4.301205645118308385e-01 -2.053246926608923162e-02 -1.135051312195089687e-02 -1.319083047367571426e+00 -1.420093889647807472e+00 6.343921786003434149e-02 -2.428295921809689797e-02 -4.001343330484106176e-01 3.739179712004427891e+00
-3.114207834479007619e+00 -3.002200128630719833e-01 -1.894003281518052306e+00 -1.001014799729460281e+00 -1.970637315118647578e-02 4.449012182618517497e-01 -1.173200636780868278e+00 1.202219547200679139e+00 1.602711660395100601e+00 -1.778614290723634084e-01 -1.661767996738607200e+00 6.091581422893962205e+00
8.449995766749124337e-01 5.807895011997794565e-01 1.337708459926024940e+00 3.571504327381187505e-01 -1.798881000878531020e-02 -1.622541112386790760e-02 -1.051696791076456305e+00 -2.047860609584508218e+00 3.772862391770776536e-01 -1.230528373463538397e-02 3.222474777147455782e+00 -3.593797438410545109e+00
-2.301648198355912722e+00 1.399232955992245842e+00 -3.202696738529077769e-01 -3.104145767864616712e-01 -9.175102653971261776e-03 4.071938087484218427e-02 -9.835319410805941354e-02 -5.837857941570738785e-01 -2.907218206277780159e-01 1.224983501179235518e-01 -4.128747264689308638e-02 2.413721498822809508e+00
-1.060624845626132684e+00 -2.966505052730298075e+00 -1.419608768865352699e+00 -1.580695274192233990e+00 -1.985002259207644532e-02 6.157393367409327301e-01 -3.524073349772998687e-01 8.939857918570197626e+00 1.839204818773715555e+00 2.216540083543939943e+00 3.116103489891685729e+00 -9.325673509094878355e+00
5.716582659982344383e-01 9.501986567429990815e-01 -5.994188497031475160e-01 -4.720648635020464057e-01 -8.162493626273146022e-03 6.351868476340070957e-02 6.648570709510903676e-01 2.659026721970731977e-01 1.363619296084398191e-01 -2.121531746577930144e-02 -4.163276534871790391e-01 -1.142538744105743964e+00
1.856627909962414558e+00 -1.413018082551311450e+00 1.559799527957369314e+00 -3.705387430112894176e-01 -2.880299017774083647e-02 -2.761286760771243520e-02 -1.250416854901054808e+00 1.685094798680881745e+00 -4.088780558623112960e+00 -4.756913708223858839e-02 9.772722390401941128e-01 1.153149085491503190e+00
-5.430971722240852673e-01 1.456535204062384015e+00 7.059666709971805787e-01 -5.077863568426067564e-01 -3.202867945026698082e-02 4.172372642852595348e-01 -1.362978952525942811e+00 -4.274248018983420883e-01 6.629100219173720276e+00 8.990401322398243744e-01 -2.420429257391127909e+00 -4.795133102102075107e+00
-9.600052952792257344e-01 -1.579640390630110691e-01 -3.480028867059101749e-01 -2.409562001802061371e+00 -1.051808657012053526e-02 -5.936555607482195684e-01 8.716258068935520131e-02 -8.573362219007648610e-01 -2.606433674353945129e+00 -6.565084173672043333e-01 7.695153048043383848e-01 7.724458113363875889e+00
-8.501818864762138439e-01 1.695232666222899587e+00 -2.246704407730894193e+00 1.246816036458640697e+00 -2.345614927378389392e-02 -3.998337281403329668e-01 1.853514022150749563e+00 -2.854817311302880078e+00 9.169536472851183007e+00 9.684655971502966754e-01 -2.388292980108317032e+00 -6.190430831010182544e+00
-1.905983883928118461e-01 3.531598687437917383e-01 -7.621410428894796751e-02 2.741489447501697096e-01 -1.571051157379588920e-02 2.935394389783340108e-01 5.305341579905206162e-01 -9.170727663444907529e-01 1.445180044842282241e+00 2.548785887530977817e-02 -4.534493169460624418e-01 -1.264675866823056882e+00
3.305352867842479281e-01 1.657701713697123935e+00 -9.177884048267068717e-01 -6.431921136977973852e-01 -1.256764519439176539e-02 -2.053883737220357081e-02 -2.220799373645754582e-01 3.119818877463406803e+00 -5.065777373157115404e-01 3.527754389897290455e-02 -8.069184395256168152e-01 -2.023070397767048334e+00
7.392133821170379648e-02 -7.468672911587392882e-02 7.773743186053228005e-01 -1.486493519104897132e+00 -1.173691134234391802e-02 7.243791273674022868e-01 6.932566841029016436e-01 -1.355795470204463671e+00 -7.835648957571311968e+00 -1.083413140463948432e+00 4.614507989241439789e-01 9.116269365119114454e+00
1.433204609221308656e+00 8.145298014036015388e-01 -1.108171500600584558e+00 2.181372699197653420e-01 -1.888404513307801250e-02 1.317225304910279338e+00 -7.630152808858229330e-01 -8.780917958552614255e-01 -8.727976881892899996e+00 -7.508008811408584116e-01 -1.929346928860992350e+00 1.037523391819657625e+01
-3.572466630091843398e-01 2.435836704405994479e-01 3.089991353824967479e+00 1.624740100045805713e+00 -2.579004873251378865e-02 -8.324637341987208838e-01 -2.044909095955413481e+00 -1.528466204987878774e+00 2.853249135252802215e-01 2.295836528999485093e+00 -1.090769101986917233e+00 -1.681542087314489065e+00
9.403102024195404418e-01 -3.255928071314186378e-01 -6.890012958437657931e-01 -6.145209249086845960e-01 -1.597662152999960311e-02 1.468791683065329146e+00 2.433424128601955616e-01 2.772010416040470382e+00 -9.129818679320747421e+00 -4.492381430049443569e-01 -3.183811427293822049e+00 8.955809811192192882e+00
-1.519200847388463949e+00 4.427437865548483620e-02 5.939588525110295336e-01 -8.233444578002756531e-01 -7.599337362070101611e-03 -4.062013075764198816e-02 1.319108910873669993e+00 2.855775247339904510e+00 1.749372293744499540e+00 4.788431820258626931e-02 -1.014642058072174446e+00 -3.195098080113318417e+00
8.050591824639087291e-01 1.626894239152214761e+00 6.733242873617111268e-01 -1.208397938738393851e+00 -1.005375003263308045e-02 -5.892509664453783325e-01 1.511468401839389131e+00 -3.932293235749808602e-01 -7.569765046071462500e+00 -6.508334485071782805e-01 2.046534296766136851e+00 3.735315638936103966e+00
1.368140185278381216e+00 -7.564944005231090118e-01 -6.531142833358737354e-01 -7.375141280897722362e-01 -8.449252017669422327e-03 -3.979206522891906572e-02 -7.316556029897484104e-01 1.651706862431906675e+00 -3.147084883444545067e+00 -8.185243100841193067e-03 1.153114046589791331e+00 1.935106191035201428e+00
