4.997275533808577919e+00
1.193806822150904390e+00
-7.227774512921139038e-01
2.319623340230471786e+00
-4.094951642392867242e-01
2.768825218936864285e+00
1.760846795833500567e+00
2.822655115674057136e+00
-1.033062710071182000e+00
-9.592617131890054383e-01
1.269800277810666067e+00
1.063531152951545877e+00
-1.538418420528131048e+00
5.987881722215770974e-01
-1.694430507194127911e+00
-1.028709043236025744e+00
-2.774927790035022213e+00
-2.184417414976549399e+00
-2.008540876590134250e+00
-2.221891448218922260e+00
-2.219219890048010235e+00
