-1.728827247409109868e-01
-3.550657913424407397e+00
-3.434681950244121040e+00
-1.788950835787562310e+00
-3.381670027643545406e+00
-1.650277661159923470e-01
-2.896213699171693801e+00
-1.938978546158163008e+00
-2.447321091299359264e+00
-3.679478553065925528e+00
-2.076293062685060864e+00
-3.795692717143972494e+00
-4.337765386769991238e+00
-3.476997090701885451e+00
-3.092483007219102298e+00
-1.236531273257269303e+00
-1.412723971149066060e-01
-4.359031061953130504e+00
-2.200815081387206273e+00
-6.811715902809866163e-01
3.942041418230275984e-01
-4.433296601607444209e+00
-3.770272532022202139e+00
-2.627464809220171560e+00
-3.610340130020198046e+00
-1.362377733145309300e+00
-2.758564386261276091e+00
-2.676344334089240551e+00
-4.143341223027811715e+00
-4.105895129219880424e+00
-3.870349502072957915e+00
-3.764062811632873373e+00
-4.504769670093970113e+00
-2.076267550485427993e+00
-4.087024673831054500e+00
-5.041745982872646303e-01
-3.665359898194229249e+00
-3.844736208146769307e+00
-5.048089175960220665e+00
-4.405488891554386832e+00
-3.681621701141557512e+00
-2.281171372313847368e+00
-3.578562730566184680e+00
-1.566438553482532692e+00
-5.453242726172026877e+00
-6.414892916249288035e+00
-3.299585330127419613e+00
-3.490043812917154931e+00
-2.461067098618601623e+00
-3.937705843966810892e+00
-4.003141185283625170e+00
-3.209073263673403620e+00
-2.629423277068775544e+00
-1.871080223904113993e+00
-3.447593687253017070e+00
-2.639128310688067192e+00
-4.072202038519194822e+00
-3.000295003893250545e+00
-3.060903502721762592e+00
-3.165572053830302046e+00
-2.463619947187857484e+00
-4.693566387371999937e+00
-4.271449071605622372e+00
-3.629521000669110098e+00
-4.061215139450371048e+00
-5.741788030632111628e+00
-1.051772526095936078e+00
-3.418836127061416263e+00
-3.042093284175266366e+00
-4.012012007700694660e+00
-4.035986121308062557e+00
-5.726142380830774314e-01
-2.833169629142515689e+00
-3.221051956935518490e+00
-2.373355208200269573e+00
-1.609306133618943369e+00
-3.663945027933372511e+00
-4.184236139971837964e+00
-3.285043646189025335e+00
-1.804665922198259276e+00
-3.818616498836086226e+00
1.854165649501044455e-01
-3.810056389514364206e+00
-4.694554760860522258e+00
-3.380456776059256985e+00
-3.024320190689501420e+00
-4.556243339694873384e+00
-2.664384133337521110e+00
-5.171065462198452423e+00
-2.870312281750839301e+00
-4.338266114679356633e+00
-4.189799230875125957e+00
-1.261510754387119349e+00
-3.597354127329400075e+00
-4.103991981175732384e+00
-3.011362643922075311e+00
-2.301309343435241850e+00
-2.124354221022917155e+00
-3.776636578433012925e+00
-3.758918668671847207e+00
