2.921459552975226304e-01
2.085645696809068361e-01
5.660842420089188254e-01
-1.380104910269392138e-01
1.752576000700658554e-01
-1.972539663208738858e-02
9.908769269936611168e-02
8.765054490366601392e-02
9.424800198279785490e-02
-6.251756732979228681e-02
1.039088000917536003e-01
-2.694777929725532262e-02
3.299421608796475058e-01
5.047856138362658562e-01
-1.704710464041077692e-02
3.864716602160563758e-02
-2.439254607200772307e-01
1.296125649890636500e-01
-1.039154517344166410e-02
-2.264383235924858628e-01
-2.735444988939543243e-01
-2.738263393236415807e-02
1.069063213837415233e-01
2.910246598772465720e-01
-1.852175818806513219e-01
-1.993268206459613556e-01
3.394569794661507212e-01
1.911197847339519140e-01
9.026216974016221251e-02
9.687139136289274477e-02
-1.581534826515337000e-01
1.110638821488205003e-01
6.094341681094352786e-02
-1.939045083882363352e-01
2.752556700779617560e-01
-1.234574844431418073e-01
1.130326419555652620e-02
8.941314917554270270e-02
2.353189270087806262e-01
-1.183152084156465222e-01
-2.742894849904421641e-03
8.645327903553737259e-02
1.719687443739496835e-01
-1.513378458591025377e-01
-1.543655038542310343e-02
-1.739563819251255805e-01
2.912492730065296617e-02
2.366703666447880494e-01
-8.823770332133673566e-02
2.358879256891153464e-01
-1.380815585912372606e-02
1.981508030640203311e-01
2.110593003393752276e-01
8.036342462908259432e-02
5.575596206169107782e-01
-1.043889376658758000e-01
-1.112464537098438594e-01
4.946779739978031387e-02
1.054239455144677512e-01
-3.026147307846394421e-02
4.697685726492220604e-01
5.239442521877573089e-01
2.195173115825591603e-01
3.020070142389932322e-01
1.877466800430619420e-01
1.107679371471819829e+00
-3.162057213986746995e-01
3.256595083871615115e-01
7.942788490688518221e-02
2.263370585104211852e-01
-4.322310684245950219e-02
2.182967540694250308e-01
1.923405295847498420e-01
1.984472263935672665e-01
-2.719600711427286321e-01
-1.258927761057058725e-01
3.175537918646795243e-01
-2.838091686878738140e-01
-1.572031548994670958e-01
9.689496222919197557e-03
2.583651430474914745e-01
-8.236695165792927431e-02
6.271003993610989313e-02
1.749303110509051462e-01
-2.526672655386644553e-02
-3.697719288783635899e-02
2.251458989657781698e-02
1.216379127240745373e-01
-1.896961687673790198e-01
1.095935739990684527e-01
1.678161450884113892e-01
-2.505895062098158904e-02
2.301737803557727113e-01
-6.361891755533403969e-02
-2.639308572393341268e-01
4.178452813029181340e-02
9.754435607495887117e-02
5.694507280538181337e-01
6.462704353509347854e-02
7.858616181351812946e-02
