-3.455232532579680660e-01 3.851684375858523829e-02 2.397526959152153705e-02 -1.415492838431858802e-01 -3.473068746268131220e-03 -6.862751881566611090e-01 2.901845320611372347e+00 -2.469847807100257753e-01 7.510574010081281227e-01 -2.760845444096288182e-01 4.874135898705491687e-01 -6.005114239641433649e-01 -2.172266987619980161e-01 -7.880945284555076480e-01 -2.135994824258425906e-01 -7.549800356996693163e-01 1.070332589677679858e+00 -3.431998413382679192e-01 -3.482953386573399146e-01 -4.839223270552788780e-01 -1.112926535356175833e-01
8.265094450042301255e-02 5.142342072836445510e-01 7.453243702293607109e-01 -7.349415125059549636e-01 -3.521439522458496563e-01 -5.057829200774173195e-01 -3.480186938818577991e-01 8.289598399142957819e-01 -3.694730226215692803e-01 -1.280587964302949133e-01 6.639163735635804642e-01 9.150555293273019419e-01 5.427319700526999080e-01 2.970390995308724302e-01 -4.004080166826081144e-01 -1.015823039285935481e-01 1.112045499073179289e-01 -3.645092884852367265e-01 -4.815606934840049869e-01 -3.943129697634282782e-01 -4.013831826182871487e-01
1.616285851125140782e+00 -1.835523616547479198e-01 1.309868109708048900e+00 -7.444701064192658091e-01 6.316283689791779912e-03 -8.282060904002872537e-01 4.267056548403307809e-02 -4.969674788414170652e-01 -6.471243934927112251e-01 7.493555972256329412e-01 8.925450681711183387e-01 -8.974382659171864507e-01 1.370209609435946996e-01 -6.074760556258745198e-02 6.555709532844699039e-01 2.150521810133799172e-01 -2.972943755326065696e-01 -1.697108985909219769e-01 -1.567968440488732296e-01 -2.023371038771681063e-01 -2.979700583837818773e-01
-1.074085101838939904e+00 7.736013196152798921e-01 6.408530819758889718e-01 -8.043989209389366124e-01 5.046419993448049146e-01 -5.801537163432834987e-01 -9.322723482283999941e-01 -1.789411346299477901e-01 -7.620205479503814328e-01 5.761663527062855783e-01 -1.159659605982270303e-01 3.780578119776192847e-01 5.622907925659855755e-01 -4.764032620689106490e-01 6.750129734072152221e-01 -7.699881454267919201e-02 5.844828045081829071e-01 -1.755972581611073280e-02 -2.235735514268789581e-01 -2.994001323459271058e-01 -4.576707209017753103e-02
-6.837805701724304352e-01 -1.558426851557111470e-01 -1.053984129580072017e-02 -7.409778061252446646e-01 7.725878865349421476e-01 -3.587579189872372454e-01 2.519898910170885117e-02 -6.914030630085550300e-01 8.549096202102702824e-01 -1.225647179610024756e-01 7.583503711488795984e-01 -3.516280124602338270e-02 4.733873871525279831e-01 -2.982479252528597580e-01 -6.244442901872080398e-01 4.127469892618706448e-01 1.473740761890354412e+00 -3.078535075000145005e-01 1.691342360179775017e-01 -5.389156739295766219e-01 -2.691191421815652407e-01
-9.249004625026264748e-01 -3.984972090839603576e-01 3.982405993675623007e-02 -9.790389495709309609e-01 1.645265566172314564e+00 -1.811882039006130693e-02 2.812945958767743559e-01 -1.210975200277017993e-01 -1.943875718829360943e-01 4.070445838992203802e-02 2.010891490004019566e+00 -9.568330780157943138e-01 2.240524176662689992e+00 -8.940548889076015415e-01 -2.765025225260581143e-01 -8.382428794808078898e-01 4.764002970393812486e-01 -1.853655380190089297e-01 -7.252685442573905683e-02 -3.643787314799494803e-01 -3.431588723585197176e-01
7.194101667348066220e-01 9.669383078821771615e-01 5.262004068702689184e-03 -2.635732475994964630e-01 1.118541371161914377e-01 -1.158346405890547937e+00 1.162487464326411452e-01 4.629358372214634199e-01 9.629534157007080264e-02 2.024773797574241363e-01 9.291932682583507741e-02 -6.736322232900826545e-01 9.550706169430023262e-02 -4.688363779094288919e-01 9.361890104639064569e-01 -4.292647089833694363e-01 7.974494318839783213e-01 -2.066633864220911720e-01 -2.838882445446082037e-01 -1.778851525941606559e-01 -9.876838631446339944e-02
9.133168271188810694e-01 -2.073179282712309668e-01 -5.004202782761456580e-01 -1.252034364860803883e+00 -3.828128887201758673e-02 1.661393954584538257e-01 8.181456633831613035e-01 9.875440159059931666e-01 1.818214077876095514e-01 5.374783290113165357e-01 1.155940089742729882e+00 -6.145898211697700120e-01 -6.101293300359398319e-01 -3.625572528013217277e-01 -4.667064669244154751e-01 1.074391282362540702e-02 -2.306966240286424663e-01 -3.351146750433250943e-01 -2.457257553377773518e-01 -2.053194715796591296e-01 -1.641254271613101223e-01
-1.027661300141052170e+00 -4.438190090341028182e-01 4.423558269750716421e-01 -3.770637999141948082e-01 3.104335038204538710e-01 3.583992340262005527e-01 2.305168602707916015e-01 -4.529048201122243267e-01 -3.989429840310981801e-01 2.078003600620523528e-01 4.101770230803027384e-01 -8.703575254147331852e-02 1.262878023349431666e+00 -1.285545803889611260e+00 5.541275252978569155e-01 -3.674197004925154886e-01 1.198764042351049275e+00 -1.341210740135302393e-01 -7.091513953850145380e-02 -1.275342978075088285e-01 -1.096077269800128789e-01
2.290585657213158877e-01 4.626440498814824998e-01 2.570702822175895408e-01 -4.587090585428231226e-01 -1.952650903814819872e-01 -4.474221788242015441e-01 -8.300976646475614062e-01 -4.285845199470109113e-01 4.586532766294719288e+00 1.157349274072900114e+00 -3.814529566206731337e-01 -1.022714226714934727e+00 -1.044302545123315662e+00 -8.215471180270157436e-01 -5.042732169870851600e-01 -5.050092765925009303e-02 -3.084192557099820764e-01 2.198534878360987876e-01 2.983479764018466818e-01 -2.009182260387950836e-01 -4.198414631875425074e-01
7.097649010822689730e-01 -3.099668960511314797e-01 1.226784447149067203e+00 -4.404949620659724951e-01 -5.726274284711763141e-01 1.648472866505657830e+00 1.354945591101698321e+00 -1.337711819617640074e+00 -4.193762888880300799e-01 1.706107717371744714e+00 -1.717092339279473245e+00 -7.045196145930986420e-01 -5.956657647583795123e-01 -4.536855384260575774e-01 -5.996225716309649262e-02 -2.061869675768826238e-01 8.270845416465483213e-01 -1.103905481163190982e-01 -1.547891332926498165e-01 -1.627957707470925608e-01 -2.379282525858633368e-01
-2.800304841426845895e-02 -5.806664367806955163e-01 -9.025287752526809371e-01 -7.417161935614924317e-01 -5.342642887909476723e-01 1.020461523456085429e+00 8.942534202979225411e-01 1.230922584906890993e+00 -1.880131802158839516e-01 1.985079060809011586e-01 5.522553858949703631e-01 5.328618911525044854e-01 -3.573676448058974581e-02 6.121728257303592907e-02 -4.633835736659907556e-01 1.640638134552006577e-01 2.234522894457537934e-01 -4.164467679559952784e-01 -3.192138638324095723e-01 -4.320904250482395792e-01 -3.632442677918714113e-01
-1.924889184701406575e-01 3.610040808675907265e-01 -1.765681935731113761e-01 1.185782289064004486e-01 -4.940765274954669883e-01 2.197018721420304077e-01 -5.954352718812694345e-01 1.306238915545809398e+00 2.233842748071821205e-01 -7.606880025669282563e-01 -1.489000413701443426e-01 6.494469139263796542e-01 6.997328738783977764e-01 1.461602515948697556e-01 -2.367725305897676324e-01 9.678856374063982485e-03 -6.727891932732459335e-01 -4.650119489904862569e-01 -3.978666780175926232e-01 -1.740012152846295290e-01 -3.753060599204325887e-01
-1.205913437272471272e-01 -6.409801975987429457e-02 -1.081138456385788649e+00 1.807548017982720134e+00 -3.669629564472948191e-01 1.773505910949092046e+00 3.046978760671867903e-01 -1.097249895455497448e+00 9.777081878178489616e-01 2.191264819503837072e-02 7.847269499179454488e-01 4.340083954060130478e-01 -1.715633629429256013e+00 5.969014007611114225e-01 -2.053954371523318556e-01 -4.773128874072460337e-01 -4.437572538631501806e-01 -4.837351684013045938e-01 -2.110596801760646901e-01 -3.746678681802675936e-01 -4.118884852227498450e-01
2.558382035953043476e-01 1.399490248558358463e+00 -7.265911258157858876e-01 4.048307242237004361e-02 1.237823203672848482e+00 1.043510551682735654e+00 -6.926620564194768681e-01 9.099321014133263663e-01 1.265970672932072438e-01 -1.380746350117748156e+00 -9.594163610199650805e-01 -5.026900805296394825e-01 7.553883606280015206e-01 -1.625069103382746016e+00 5.654793361311024613e-01 2.041094743264459943e-01 -3.694920282243093212e-01 -9.437088402066134973e-02 -2.218275654182309542e-01 -3.163490098233673886e-01 -2.931660464843486302e-01
-9.967444269832746728e-02 -4.970719922379291944e-01 -6.114375298066485609e-01 -4.941851097830096129e-01 9.119927730488052164e-01 -1.255648801311626706e+00 1.577558947248313137e+00 1.463933308635135266e-01 -1.651901351943442786e-01 5.084019995314635783e-03 -1.220836607114930347e-02 -3.839887236124430725e-01 1.564147466678358134e+00 -5.908671124972553201e-01 -1.450253105911708008e-02 -3.645051236031308650e-01 6.513362993451288219e-01 -2.715145102790356146e-01 -9.595682669894418926e-03 -2.637339851236962240e-01 2.388039671566723546e-02
2.402346504179473652e-01 -1.362172363509750017e+00 1.526342533869851428e-02 -1.721728959573523898e+00 1.195619202487030464e+00 -1.078525066969478585e+00 1.360749705693079958e+00 -1.076292302268762269e+00 -8.498208685209351909e-01 2.009219700807347575e-01 1.979433295800888393e-01 1.864863309494414201e-01 1.315459003228353740e+00 1.605496141008992406e-01 1.026872299448361225e+00 -5.934644638318854470e-01 6.885302160616106892e-01 -2.941934800742375122e-01 -7.258893676797240069e-02 -7.339122858313372466e-02 9.914221755112946621e-02
-1.885247957094655646e+00 -3.335389527980933688e-02 5.921836005400068492e-01 3.031482651912781101e+00 1.475447777893537316e+00 8.550930277881895192e-01 1.057145268900580914e+00 -2.232185053454388557e-01 4.473406924310013300e-01 -6.169924851128210097e-01 -1.245366642769760945e+00 -5.416013233756932221e-01 -9.703019956320968475e-02 -1.071449089306896862e+00 -9.844911011574963844e-02 -4.630692583461011869e-01 -9.011103115106300354e-02 -1.880891844787219713e-01 -2.405049378170944219e-01 -7.926627461794820417e-02 -2.134793467433084846e-01
1.260226324587809810e+00 -5.591477252091533456e-01 2.971918761801365383e-01 -2.157518571665676885e-02 -1.638617277096915403e-01 -3.025106476961101146e-02 3.216385768752380581e-01 -1.906729698438382192e-01 -9.466923487998643583e-02 1.163540670976904723e+00 -6.573214872645131157e-01 -2.372809534898819295e-01 -5.240717657037528010e-01 1.987351848588424230e-01 9.881647029244953195e-01 -4.237521683074158552e-01 -1.060063732359297850e+00 -3.983442208960426556e-01 1.740392325897930637e-01 -2.899466799564942923e-02 -1.190341865375976887e-01
-1.376018021260867752e-01 -5.426982701279782217e-01 3.125333053224460755e+00 -5.813395716893565712e-01 -5.004925554727940144e-03 -1.847881544340075344e+00 -4.180963209407043135e-01 -3.047229082330649153e-01 -4.863214262634451002e-01 1.646621629616652704e+00 2.322351208108490717e-01 -1.665723201326805292e-01 3.940485164412186325e-01 -6.711413117682422103e-01 4.748441218575607387e-02 -3.377842166846139471e-01 3.790225530298965140e-01 -1.207656290107777114e-01 -1.862442309394622131e-01 -3.790416732981649606e-01 -2.833476695739306148e-02
-8.348933240557568913e-01 -1.280905371121292102e+00 5.776135969818557703e-01 -5.629715151391444516e-01 -4.024301344809049774e-01 -2.278203049978737293e-01 9.669529743285243395e-02 -4.796433726928273633e-01 -1.372433212582360396e+00 -1.055939303606129864e-01 9.643916625324824299e-01 -2.487843808950985225e-01 1.347570367621928833e+00 -6.659479143787508937e-01 3.542874825840724995e+00 -5.663550221157165332e-01 1.355218494409557994e+00 -2.507051732860573479e-01 -2.269931315472421395e-03 -1.779893430517900665e-01 -4.008061682262187980e-02
-5.479153013248757587e-01 1.760201721847054035e+00 9.675603357541062710e-01 -4.722535005159448351e-01 -1.014525440085314034e-01 -1.240348648716511848e+00 -2.165465912408911786e-01 -1.160915199890771410e+00 1.326331293146095991e+00 1.007273848771804703e+00 -5.469021897488610673e-01 -2.555847208497636913e-01 2.814024149014667242e-01 -6.560585764428062960e-01 -1.158324814138257247e-01 -9.032216315703782417e-02 4.755503840061338361e-02 2.105068376661033969e-01 -2.445881091929626439e-01 -3.867010428320460935e-01 -1.018704681756618657e-01
-5.438888006689032162e-01 -5.144226795293166399e-01 -1.288241668765153503e-01 -5.061408062331598234e-01 5.365948750607741902e-01 6.053481202925937305e-02 9.065968501362609011e-01 7.627285739521345587e-01 -8.961651977871396557e-01 -6.141368284162473934e-01 8.902606026104006309e-01 2.986802534383615759e-01 4.495121973770512813e-01 3.581662785184094172e-02 4.584518499711725537e-01 3.179819116629002962e-01 -5.857488985236815326e-02 -3.263717538369602100e-01 -2.642293138061350688e-01 -3.563215390175522024e-01 -4.438419736582816522e-01
5.675882982835901702e-02 -5.477942731795433229e-01 -5.198530936350045373e-01 5.258552999894307023e-01 1.344917917372245864e-01 -7.631730019704395795e-01 -4.300372508144037487e-01 4.983139556276900972e-01 5.738699424195782273e-01 -4.616717505277334044e-01 6.367891784023150814e-01 3.119734512027022011e-01 5.617182226221717478e-01 4.764296826226645937e-02 9.614256285955853631e-02 -7.192838531473173813e-02 -1.530404681434527625e-01 -1.697126150109238563e-01 -3.174342252226110550e-01 -1.652747437610797010e-01 -1.970779016086338931e-01
9.028053842490668668e-02 5.020425839213571440e-01 -2.109547727295358610e-01 -3.036052903661786151e-01 -3.394963146105607343e-01 6.748147636905952318e-01 -4.678563179616581635e-01 -7.501367098683591195e-01 2.395970153110907330e-01 -6.200268016789227676e-01 2.348174584471660747e-02 3.287635865908116739e-01 -6.536545609731607698e-01 2.346583507362229426e+00 -1.242089381283828335e-02 5.827997983090480449e-01 -5.205376951982079170e-01 -3.987555683924276853e-03 -4.250441663374292245e-02 -3.202072973415654583e-02 -2.551341150472820618e-01
-8.511839868912831619e-01 -4.935128610229967960e-01 -1.621450406222246440e-02 -8.387369727293417787e-01 -5.594768094621556109e-01 -1.461162901734422093e+00 -8.793486655612657854e-01 -9.619043859727990364e-01 -3.901427931484434675e-01 -6.545500303034872402e-01 -6.871736176277289943e-01 -1.050281811293793499e+00 3.068313670421388029e+00 8.765728539511477568e-02 2.818304939290694033e+00 2.693983102686592912e-01 2.336987639920163673e+00 -1.516895656095532119e-01 4.216626682238873158e-01 -1.695453289775457340e-01 -2.053089163151364076e-03
-7.750391050281681959e-01 -6.260922045449622830e-01 3.860118282666782918e-01 2.603730702359041693e-01 -1.095593353773183010e+00 -8.278508144754301856e-01 2.605719628131078491e-01 6.358692205663323271e-01 1.070428022563899351e+00 2.940732586244523272e-01 8.642212039551397940e-01 1.610577806910792331e-01 2.980009780851307633e-01 -6.592752350963314301e-02 2.986400932764148378e-02 -3.385337965987311043e-02 -4.465142958743571061e-02 -3.175922090240023143e-01 -2.394698818712484231e-02 -7.917454695423402355e-02 -2.748479060647850414e-01
-9.775497019994748849e-01 -1.518327132889989661e+00 4.369978059162609174e-01 -4.405596852947322312e-02 1.030577479682813768e+00 -7.331368294946590813e-01 8.966168236117816326e-01 -3.134148588791235701e-01 -1.577785206452414934e+00 2.439242740391017517e+00 7.659426629384951113e-01 -3.458007874346200050e-01 1.562675362126501322e-01 -3.476982623403488959e-01 -2.521220437353919874e-01 -4.689080145837444813e-01 1.120519363025761939e+00 -1.294373385422117329e-01 7.824559917168136813e-01 -1.722793141181143961e-01 -2.508732842524339923e-01
-9.878071630285004678e-01 -9.052969037683613607e-01 -3.994902563275632423e-01 1.637385247259875554e+00 9.796357728090263617e-01 -8.451176698306719914e-02 9.038928838759895390e-01 1.889201922933069211e-01 -6.700270677053024038e-01 -1.464775957107579685e-01 4.399117812301617247e-01 5.972780875661272137e-01 9.049071259563911118e-01 -5.927951414965962340e-02 -1.430902774397775357e-01 -2.549995135916727773e-01 -6.688034258448958269e-01 -1.653019959403935757e-01 -4.441472157634887008e-01 -2.248092721007001193e-01 -2.011461913258852374e-01
-4.963953601744822142e-01 2.314226645117241521e+00 9.329001976813784403e-01 -3.143016771576681023e-01 -3.849445467819228028e-01 -5.188279298993850874e-01 2.626552713491264179e-01 -8.831179179401337231e-01 3.905951562055088866e-01 5.990061718440260474e-01 -2.074952775572633523e-01 -4.295997252772904562e-01 5.238101092170773798e-01 -7.460159199229691174e-01 3.694174297036948440e-01 -3.615520002495977575e-02 -5.765357093718105619e-02 -1.083331821430312258e-01 -4.425177303707221732e-01 -1.338530994654402451e-01 -2.358046579547035948e-01
1.794214678846288782e-02 -2.805470744332313471e-01 -8.959860909319193878e-01 -1.592961226425112731e+00 -8.194519106445751211e-01 7.495348220951729423e-02 7.869284677528837202e-01 1.613209829906366410e+00 -2.254028175761732256e-01 -2.670408018062999655e-01 1.145305237840387846e+00 5.200130246634812048e-01 2.172643759681913145e-01 2.545760905531926910e-01 3.587071361267109570e-01 1.980292889924365196e-01 5.878248770783830457e-01 -2.496285260927391114e-01 -3.444706897108825161e-01 -2.992039103301298297e-01 -3.706705199136876572e-01
5.943452881245385733e-01 -1.962489332773709405e+00 1.396892469478704824e+00 2.155548484327662884e+00 -3.686380610514653627e-02 1.130513715067625657e+00 -1.283708293664244993e+00 9.855066281435861386e-01 1.390871084414698089e+00 -1.915413735049608768e+00 -1.658372151027261765e+00 8.181608517205259945e-01 -4.059565829481055071e-02 -8.090329331802200707e-01 1.132911153378378888e+00 -5.844415306767574148e-01 1.002474961206014648e-01 -4.157659000168101859e-01 -1.127276419120116641e-01 -2.088962934898829504e-01 -2.978756638926430278e-01
-1.495537378482689750e-01 3.812783091409201464e-01 1.256798136600495441e+00 -1.678594777772191016e-01 -6.967065686486020315e-01 9.044208686456597368e-01 2.537762218725013175e-01 8.556655801830789221e-01 1.831782832710577430e-02 1.681701144459869790e-01 5.144318492130792730e-01 -3.967507070579697620e-02 -4.964165998112692879e-01 -3.021695567611394351e-01 -2.577363041749630157e-01 2.452329099342230589e-01 -4.929663622572598158e-01 -4.422434985692741405e-01 -3.432290081448223784e-01 -4.996256225979401333e-01 -4.459431313362410831e-01
7.476761399232713101e-01 1.677280543279006386e-01 1.184823806617038233e+00 -1.443704260788950311e+00 7.899691744025074680e-01 -8.408207085739571873e-01 9.626694780359056347e-01 -1.881379599564980021e+00 -3.255650105158656715e-01 3.995052748536461196e-01 9.993186749457797502e-01 -1.247621968109591029e+00 1.307065521274358488e+00 -1.525499508607357058e+00 1.464527733895854666e+00 -4.175801362777821768e-01 2.464430520814288872e-01 -2.241801935587111050e-01 -4.604515899188564299e-01 -4.177000884530432390e-01 -2.334912023267731451e-01
1.221001421306855628e+00 6.077088554896785677e-01 -6.607443107558770290e-01 6.501067287785879945e-01 -1.025991357754993949e+00 1.145275971890231004e+00 1.562314458272725526e+00 1.169768068616537704e+00 1.586749832672675664e+00 -1.075394382678782401e+00 1.250627959091966002e+00 -6.812902817710692061e-01 -1.609689195884782986e+00 3.485137347856830936e-01 -8.008794872730570225e-01 -1.383016643018572800e-01 -1.015227075854675309e+00 -5.585946098385216052e-01 -5.413387677814456289e-01 -3.030187135652840924e-01 -3.089746971647649998e-01
-3.524778045847775099e-01 -1.202050409954244919e-01 1.533631426186079227e-01 -5.770648872406136665e-01 5.107115358455217802e+00 -7.898558862259550395e-01 -1.618188548135853777e-01 -5.662132389852945202e-01 1.547087927877745794e-01 2.108084710290512309e-01 -2.281073882409394571e-01 -6.465894103509245427e-01 1.103549392572080734e+00 -5.031137784077663877e-01 -7.388617994818866437e-05 -7.679592580684142522e-01 -7.325217944722999253e-01 -5.748853180734835311e-01 -3.235497744903899353e-02 -3.050637225713008216e-01 -2.495024797683314394e-02
-4.273393504108150553e-01 -1.093110774227834314e+00 1.799577413484169108e-01 -1.243039568045253729e+00 2.626483446056763760e-01 1.864309834681766587e+00 1.085496456896332118e+00 1.000979225043626020e+00 -7.109135153745003155e-01 1.533399167518242900e-02 7.907380967773315339e-01 -6.706101223517633159e-01 -5.869830537529528020e-02 -5.365060774007500699e-01 -9.807866104771985338e-02 2.071339113390252215e-02 2.586572279502250549e-01 -2.989635263696585055e-01 -2.424052843865226736e-01 -2.012919250204554533e-01 -1.977449807497063672e-01
1.144386925058190840e+00 4.286675155694119055e-01 4.642400578154632917e-01 8.045301201501214861e-02 -1.475622705332419737e-01 -9.724756087157115925e-02 -7.255869797744218808e-01 -2.424146917691911707e-01 7.543820671960429491e-01 -5.891083255958451392e-01 2.135431185959061617e-01 7.891234361160448518e-02 -5.101040974252959437e-01 1.724679403205499895e-01 2.649493775549589536e-01 2.416483900873237292e-02 -6.317519306160632730e-01 -3.036094747320496334e-01 -1.206482331005306052e-01 -2.175404755255542777e-01 -3.054056134166989178e-01
-3.010057147572447328e-02 -1.066712891060395796e+00 -6.278891291787102036e-01 -7.454303046049918224e-01 -2.836878796359348920e-01 1.260452183274059834e+00 -3.239290847700232456e-02 2.342227401752334348e+00 -2.148365968064042952e-01 -4.276311266933552346e-01 3.025282345133078477e-01 4.382049816523674868e-01 -1.263801975418848977e-01 4.252650263348247694e-01 4.790006643321044755e-01 2.821877690442042841e-01 -2.413175446201264729e-01 -1.966149199901832956e-01 -2.752795078236633386e-01 -1.230384036726575869e-01 -1.769847815671495850e-01
4.912612456013165096e-01 1.614677283696588084e-01 -2.453414791677546447e-01 1.684508587104323718e+00 -6.296467202487804338e-01 4.319170399865925880e-01 -1.315962211284562366e+00 6.764375917414582329e-01 4.414812592060023966e-01 -7.278514978183501238e-01 -1.274440164451293933e+00 8.453718072626308366e-01 -9.059508895680323803e-01 8.183996313487778007e-01 2.441556777537438327e-01 2.569594794287233253e-01 -2.135819447778252167e-01 -1.629260982268282421e-01 -4.199156617379325995e-01 -4.237843027693917186e-01 -2.771166767054709101e-01
1.724075550281192054e-02 2.030346489296044610e-01 -1.801458006716455396e-01 -4.288054707938784849e-02 1.586845829970913169e-01 -9.859885728137728067e-02 -1.222703484928325590e+00 6.817653484733412483e-01 2.627663144830962860e-01 -4.436455473863938903e-01 4.000952886165807243e-01 1.374970336116138725e+00 1.043602518533771173e+00 4.432154920561586220e-01 1.122516533425693130e-01 -5.248263964657369218e-01 -1.042117023914463037e+00 -3.126731265153097072e-01 -8.286096501968835681e-02 -4.741068707704537699e-01 -2.013292287167528227e-01
4.749340317940271006e-01 5.270952786401841283e-01 1.377199166176662493e-01 5.760820444670121665e-01 9.376263617244554593e-01 -3.243421302400951306e-02 -9.040129334617473811e-01 4.930001403084766642e-01 2.022775453147087621e-01 -1.466774885841914733e+00 -1.065866979486968402e+00 2.799098097014718345e-01 -2.384259437161071749e-01 5.268631495730450309e-01 1.576888432079120772e+00 1.480310381218719329e-01 -1.452791005863274920e+00 -3.833940659287714547e-01 -3.445425813802702741e-01 -2.318671540588800040e-01 -8.424987490211587049e-02
1.165172861590176023e-01 6.705347252285660531e-01 -8.752499962758563123e-01 7.209071000338132529e-02 6.807182357622044121e-03 -1.719554850534366963e+00 2.665611139665571727e+00 4.492830499150591850e-01 9.371316824602340390e-01 1.269759419249506804e-01 -8.388481305343599148e-01 -5.801121184947165554e-01 -7.707519774242250765e-01 9.980879333415207944e-01 -3.114032002738923999e-01 -4.427237747433748760e-01 8.098052374193313030e-01 -2.895402204936063373e-01 -3.200693645086106209e-01 -3.070037921347162357e-01 -2.579925131244543701e-01
1.981948299647660061e-01 -6.778826465041551952e-01 9.673778114796456606e-02 -3.094663389197404690e+00 -3.362225263117988305e-01 7.531291802146483638e-01 6.362078758158530301e-01 2.084314471232508736e-01 6.022700351320665613e-01 4.736717616424199750e-01 9.939713822261136977e-01 2.473541040841329142e-01 -3.416677784548658586e-02 -1.007311725314108397e+00 -1.228049450943644594e-01 -2.642083181224119115e-01 8.413022569614392321e-01 -1.379859317834287724e-01 7.448215783903183729e-02 -1.509290017121964200e-01 -7.782060883557737063e-02
-9.751738444417411555e-01 -9.305547528499819032e-01 -4.009817239081138185e-01 8.990809706745849228e-01 7.012716733812039971e-01 7.999043279865890588e-01 3.833035535241056113e-01 2.087157866787721916e-01 -3.558251867609050212e-01 -7.121867541540238822e-01 -5.626284543878889988e-01 7.415554652213847131e-01 3.611973957164951732e-01 -7.132417858779671604e-01 4.629803815724974070e-02 2.869706979263828561e-01 3.798526390148980192e-01 -2.830652368476338498e-01 9.377445718728710106e-03 -4.118843583585373724e-01 -2.673874543055537178e-01
-3.035121895671822223e+00 -9.903130588309354554e-01 -5.071254244734205718e-01 3.320841122837152604e+00 2.005257152845147051e+00 1.184394462890278277e+00 -2.799717270618646593e-03 7.516133851164125135e-01 -1.063364600090096701e+00 1.510572067100658666e-01 -1.039649562941261207e+00 8.628386059578636580e-01 1.957478603813973261e-01 -1.008265710760245515e+00 -5.451016811469146933e-02 -2.853524608544126817e-01 -2.331964984051094689e-02 -3.925978909960975427e-02 -3.186689241849685050e-01 -1.960809943024701962e-01 5.104157541782673030e-02
1.018725897863719698e+00 -1.006732464484276113e+00 -1.286150849238752558e+00 3.100108399173214790e-01 -1.388259430550742024e-01 1.263409377408128087e+00 3.607362963445077120e-01 5.559054753840612095e-01 6.826230103828228035e-01 8.493545157625402853e-01 -1.298732419985306974e+00 1.499812122258688540e-01 2.788531874654966436e-01 -1.205644043231944053e-02 -1.223043249663189336e-01 1.311508734927054332e-01 -1.064193316112075210e-01 -2.468849604864892799e-01 -1.010315184591174531e-01 -4.168570224281172854e-01 -2.427775044631199641e-01
-2.546441392717634922e-01 -3.253665337176046835e-02 9.081155291339648716e-01 -2.295075897065986803e-01 -9.356143402206076876e-02 -3.896508924277334446e-02 -1.493303915874812267e-02 -6.552640282005065542e-01 5.492283082028128760e-01 4.859276494053817452e-01 -5.990919599665255335e-01 -8.104504991133458791e-01 -2.537069116805332758e-01 2.763130336643315199e-01 6.371288058452626579e-01 -3.538623254791264383e-01 -4.662339984372338431e-01 -6.415832871750968940e-04 3.856490318601772938e-01 -6.363892345338920120e-02 -4.024276779237180302e-01
-6.300764590601750648e-01 -1.124923075075936252e+00 -1.072058448786726848e-01 1.466724054007380873e-01 1.239212813072741337e+00 6.134664776612298587e-01 8.144662776579438823e-01 4.090753834060430472e-01 -1.436781497019937959e+00 -5.196542368267277612e-02 1.539460257944328614e+00 -5.838008783832974169e-01 -3.921289917021818505e-01 4.087052410568666749e-01 1.233285500594983874e+00 -9.280114157500027328e-02 1.162601812281119085e-01 -1.826801951552459724e-01 -6.231759105419614614e-02 -2.224660104402498562e-01 -8.562860583080798837e-02
1.403100818736798150e+00 1.801226215304705836e+00 5.700820313696705055e-01 9.293256613602234317e-01 -2.278217363019016783e+00 1.468349242680951461e+00 -3.971993253755109254e+00 1.789514600242485987e+00 1.054115630459782960e+00 -2.113083186187747486e-01 -2.039608807376850130e+00 1.848401014057480252e+00 -1.569729054420129777e-01 9.384864921493669687e-01 2.614219439553543411e-01 4.015835130648228724e-01 -7.863063180063478708e-01 -1.664984823001308123e-01 -4.812772542463819581e-01 -1.638844777428264121e-01 -5.549050645186932584e-01
6.791151575860343570e-02 -6.606840456653575444e-01 -6.979185008594891437e-01 1.339739845224878323e+00 8.380273144745317149e-01 1.096517102750447004e+00 3.543210547585800563e-01 8.730904710217025910e-02 -3.064999868183264104e-03 -9.432540019343323978e-01 1.360325384287593697e-01 -2.019914349797090614e-01 1.351193688812191152e-01 -9.466318807362204824e-02 -1.633882808359322369e-01 -6.909066303499276918e-02 -1.917390893606109037e-01 -3.359318861347194152e-01 -2.391118090603613910e-01 -2.848040886793055115e-01 -9.467063243692890040e-02
7.988782095562446672e-01 4.620612122294950885e-01 -7.571325435398532644e-01 1.214516326704646376e+00 -1.155562803084579704e+00 6.905726129587447248e-01 -1.813040399942051462e+00 -3.265033996370565017e+00 4.661542022481213743e-01 -4.645691940371594053e-01 3.566031177640168970e+00 8.928677117282777242e-01 6.714170367759895175e-01 1.140458052708251957e+00 -5.127894342914794679e-02 -7.467993142520714667e-01 3.349827252974994091e-02 -4.470765059273388853e-01 -2.992292115691218002e-01 -2.695457401856521940e-01 -2.544885449889160989e-01
7.710029754376376276e-01 3.439216047192383829e-01 4.634575908183424797e-01 -6.074064068658795446e-01 -6.630130202066604195e-01 5.927802218865782513e-02 4.946160287213949847e-01 -1.420331113394063816e-01 2.355605581887926792e-01 3.735741850746325532e-02 -5.719633435511950470e-01 -5.675396844894394777e-01 -2.761486838252378839e-01 2.642056819278501001e-01 4.945342332394656593e-01 5.047050459606832185e-01 3.967665909552373638e-01 -3.066321898783789801e-01 -2.152443141312228858e-01 -2.104801245679850663e-01 -1.108314252336776162e-01
8.821216035178414128e-01 -5.596932694668189656e-01 -1.146714026972250888e-01 -5.631546082260663333e-02 4.718431317553586912e-01 -2.882884483290457656e-01 9.226325151788436485e-02 -5.568750215718279994e-01 3.845548542513744783e-01 4.595635707733763398e-01 6.880441943694882712e-01 -4.934609011503257037e-01 4.205913531083464996e-01 -2.120241144381277976e-01 2.748916993758529492e-01 1.220006288986231202e-01 2.773463445557057538e-02 -2.598383409756250817e-01 -5.725019288058224021e-01 -3.769574494864194603e-01 -4.603505697375478434e-01
-1.473845729455247389e+00 5.571563808571797782e-01 1.278408575428699123e+00 -5.969998872068467133e-01 -3.962301290466821273e-03 -1.663698673084232638e-01 -4.433458645547893040e-01 1.914174141283923880e-01 1.216683918592762065e-01 6.921985262167107411e-01 -2.567739415978876893e-01 9.838754660595386836e-01 9.474795365652386447e-01 3.106953708938755762e-02 6.165848160983946474e-02 -5.472514752481983935e-01 4.616531253144922492e-02 -1.597004378516420631e-01 -3.392789280253707268e-02 -4.000161994691265877e-01 -1.318738759262166327e-01
3.202637454837733988e-01 -3.930398794976331378e-01 1.700742905859800314e-01 6.220141600675501564e-02 7.967480252627353599e-01 9.462225949020529325e-02 -1.248775989036181810e+00 -1.319607354959276391e+00 -3.428752722778826700e-01 9.201660213763183105e-01 -6.934470209827922060e-01 5.605633238766746240e-01 7.808199832119062656e-01 7.842689295269816840e-01 3.258843710679192318e-01 -1.460748163531246369e-01 2.098441643035567628e-01 -3.535068608899029075e-01 -2.550702239132968119e-01 -2.365000643160566629e-01 -2.972274845225450490e-01
8.710538295288476895e-01 3.736170642564345390e-01 -2.557625659098744855e-02 -1.539745854667612102e-01 5.717769940808940105e-02 8.734081324485484799e-02 -7.942609846843597110e-02 -1.343774946203734333e-01 1.039888021033411381e+00 9.128509412419771873e-01 3.162236585500187713e-01 -4.046950065854901246e-01 -3.919643420233346887e-01 -1.024135765998909653e+00 -3.379740375659250895e-01 -1.894871514326577355e-01 -1.914719522935318941e-01 -2.310911890452127804e-01 -2.383947630626099823e-01 -2.813029604348824542e-01 -3.199378425231453327e-01
4.876799348666175371e-01 1.047116353184163406e+00 8.082438332908804535e-01 9.361784762151011963e-01 6.387495233253493998e-01 1.893468646999587057e-01 -6.545842007714207655e-01 7.055290010615320462e-01 5.104463019534208890e-01 -1.666303682980262157e-01 1.200831302697768388e+00 -1.094970015758475412e+00 -2.461022759227919077e-01 -1.324444986992373563e+00 -7.537535931965331226e-01 -6.197916534490155449e-01 -6.200662161673482498e-01 -3.549427053080530525e-01 -5.420497680070224256e-01 -5.929305589231331775e-01 -5.012277336057130439e-01
5.999898660754311441e-01 1.064152246742837704e-01 9.914540439661549964e-01 8.072265482372482648e-01 3.395139645452133759e-01 6.082389556521706764e-01 -2.260117212498631012e-01 -4.718329697845464743e-01 2.440251427249865435e-01 9.432532289787928792e-02 -2.056153238894520729e+00 -3.004709901121622728e-01 -1.332206350723298405e+00 1.247750854221468142e+00 7.824249947169423791e-01 7.411018271852481965e-01 -8.044418407611030331e-01 -5.415033628055183623e-01 -4.321090165811581341e-01 -2.856629472057616859e-01 -2.425046510505676767e-01
-1.044996814865222813e-02 2.947951957508589405e-01 4.921411660759484885e-01 1.779002682671182001e+00 5.754680326175193317e-01 -8.606020876264197650e-01 3.877606176777797717e-03 -4.090009751783363345e-01 1.713626055397592107e-01 1.681023768882797809e-01 -5.648657212596633892e-01 -2.278194146112460794e-01 2.636886160239440557e-01 -7.275836220888778905e-02 5.655316153382929922e-01 -4.897403603291697327e-01 -2.677569904169464499e-01 -2.001958493232934566e-01 -4.491284568824876477e-01 -2.708806302810072286e-01 -2.227515214358213314e-01
2.214250899866957445e-01 -4.567814587959708739e-01 2.807736271800831962e-01 -7.976993571013795137e-01 1.370363713353930091e-01 -5.141126981165153875e-01 9.821399623368980425e-01 2.346892338121220334e+00 -1.132674214465603679e+00 2.650088532092932936e-01 1.849699137364407830e+00 1.197921613998797173e-02 3.607595976325297937e-01 -1.074211900830667199e+00 -2.361118787389701046e-01 -4.286060686471948600e-01 -1.030231722398718651e-02 -1.974247926049094159e-01 -3.774935886856000677e-01 -1.730136181078198998e-01 -4.476089045239218245e-01
1.522030992544127104e+00 8.046631356964759618e-01 -8.786704833555124550e-01 2.391896463914260362e+00 -2.017009389335466807e+00 1.598509918844596145e+00 -5.441534430601122629e-01 8.745106109120809323e-01 3.715738967407806181e-01 -1.001629702726360094e+00 -3.673335093233357496e-01 -2.167335532161026368e+00 2.566602536408110868e+00 3.747213964750232829e-01 -1.050072561245545710e+00 -6.545861855742338697e-01 -4.959112340734394553e-01 -1.515462873148298584e-01 -9.826832547410534191e-02 -1.346713466081314592e-01 -1.574059722471103373e-01
2.808512935798382237e+00 1.061850055819294480e+00 -1.028379428145473895e+00 1.295333729784716503e+00 -1.135879415317669894e+00 -3.419570992664937581e+00 1.515631236403450322e+00 1.845072947249390083e+00 1.064742573556973992e+00 -6.300856380147786817e-01 -8.589039765974746388e-01 -2.230560625309202516e-01 -9.082671391656826909e-01 1.336774179077994118e+00 -1.146590727187516201e+00 -5.014425260625922087e-01 -6.622245040154944862e-01 -3.471158784445715906e-01 -2.195582055939053201e-01 -2.129120095703112281e-01 -8.036115023517716172e-02
1.612789458961634947e+00 1.259475303408359226e+00 8.838975944381388672e-01 -2.499857478513463349e-01 3.163456017582138013e-01 -2.613448277177958801e-01 6.596048444489573115e-02 -4.324538310785213668e-01 1.027957345378199605e+00 -4.239001567531748838e-01 3.637521267126420654e-01 -5.143499745244968224e-01 -1.060307102428360571e+00 5.907834556298748874e-01 -4.376113101616933565e-01 1.714648112994556287e-02 -3.777534474842766943e-01 -5.705634073070529055e-01 -4.997812276721905200e-01 -4.390543152920394210e-01 -5.703277072818691007e-01
-2.944826220343920581e-02 2.702463754912424854e+00 1.247147770203953288e+00 -2.600109530844923467e-01 -9.054307875358456881e-02 -2.063404402432805484e-01 -4.227491006770342508e-02 -1.263079873031040246e-01 4.235292202460877453e-01 -1.299263291653933727e-01 -3.545217888118686878e-01 -7.339067692246234453e-02 -3.058694205417243905e-01 9.036517562646624591e-02 1.251102010138125387e-01 -5.334688469574451197e-01 -5.776168177251813640e-01 -4.152736566056335343e-01 -5.439212725712659902e-01 -6.032380947983277952e-01 -5.646889470535465527e-01
3.668844221261692962e+00 -2.919438322712581413e-01 -3.811659334731955506e-01 -1.404777190856212887e-02 -4.557508584550841180e-01 1.071993817450762609e-01 -5.978995961516232471e-01 -1.656608043636700056e-01 -7.721491129731715419e-03 1.806015786388041056e-01 -5.353591673048286870e-01 -2.412382691315293481e-01 -3.787832020593119298e-01 -3.912702505671339370e-01 5.406994252762024056e-01 -2.783382056737367452e-02 -1.284763953406786174e-01 -3.756497920376234423e-01 -1.654985021690070779e-01 -2.377815121747928195e-01 -5.832990544912245584e-02
-2.816391988620242093e-01 -5.530963268389844645e-01 -6.346866698863568024e-01 1.166381879076659051e-01 3.294417099504334812e-01 5.330161766523288103e-01 8.056508421093313554e-01 -1.802192620306560134e+00 -7.275024645743132234e-01 -1.842187115624075999e-01 1.146672275172628819e+00 1.839835436404043123e-01 -5.054443073843998407e-02 1.170525134362341735e+00 7.423556596283297226e-01 -7.095259677977662320e-03 2.826956626072998913e-01 -9.717401817994318625e-02 1.468588660546524607e-02 -3.757208232217749688e-01 -2.231681790476198468e-01
1.137979015311578745e+00 4.732932999264193863e-01 3.285061017423930307e-01 -4.163889787761251848e-02 6.816469960971024977e-02 1.130056181631396317e+00 1.034458834207079070e+00 1.580769766050055536e-01 9.827885051690953278e-01 6.374765159641182510e-01 -2.777467584366258291e-01 -1.323856581240777208e+00 -5.575851799729030223e-01 -4.507025779063342785e-01 -3.554683724960169822e-01 -1.514670661753575454e-01 -3.356850115414576896e-01 -2.397479511263900520e-01 -3.199295686152163753e-01 -3.798422441860587750e-01 -3.184683977688455014e-01
-1.364162237894873231e+00 6.559395653241870683e-01 3.089727891189124609e-01 -4.930572484883364304e-01 -3.543362468446634161e-01 2.361764242704184613e-01 3.207831471050987537e-01 2.355271505764168771e-01 7.464900229488402594e-01 -5.980891053574922955e-02 -1.748396652233978332e-01 -3.027768904703897479e-01 -2.390147141806007736e-01 1.193117688797940001e+00 1.773828865542537825e+00 -2.398998015315223220e-01 -1.067209635463787443e+00 -1.566437381517606364e-01 -8.407750905821387288e-02 -9.153557809254291022e-02 -4.977361408018426579e-04
8.295335347390431213e-01 -1.005325174239849018e+00 -1.370282379859650623e+00 1.282732719581695324e+00 7.945614314249281884e-01 9.931023528504090425e-01 -5.152472812270660896e-01 1.120266990534682927e+00 6.651432312272095304e-01 -1.148400034244981605e+00 8.026976042192702776e-01 3.441719171007257549e-01 1.141323131254533552e+00 5.064737573303309398e-02 -7.330759544710044873e-01 -3.662030084883691194e-01 -9.013276045346952925e-01 -3.404030332292170558e-01 -4.518875621128302655e-01 -2.498267103626262975e-01 -6.195063479192347566e-01
2.697112582403498937e+00 1.998883780724599601e+00 -1.370122233534766920e+00 -4.116723325092070063e+00 8.070871273524709011e-01 1.175046226728066578e+00 -1.099482897899443312e+00 1.302175627043951067e+00 1.287715985393685258e+00 -8.667855222764441203e-01 -1.711180675041040100e+00 1.632698697408375033e+00 -7.127608384076431491e-01 7.552001000031345335e-01 8.111417621380056240e-04 2.873027676017095647e-02 -1.875343320171064254e-01 -1.717816577185982407e-01 -1.772215224960648206e-01 -2.880337773557588021e-01 -3.320619104332501181e-01
2.585375747619210518e+00 2.599189383848358847e+00 -7.947046133797504019e-01 2.474884060700894395e+00 -2.743002931254264976e+00 2.575156717063263656e+00 -4.755289626060298147e+00 2.703067559845770074e+00 2.647143303834130545e+00 -8.907219578329852450e-01 -4.672774490817677595e+00 2.228929790701618341e+00 -2.577944990735897335e+00 2.278931798152818100e+00 -1.426169665512099671e+00 1.307530996772678700e+00 -1.059803366052244566e+00 -3.525437238207921875e-01 -5.209573429224751973e-01 -2.066684238763896730e-01 -5.390586591103988523e-01
3.578606339032091022e-01 1.728548993559279046e-01 9.510895063248974157e-01 -4.830799278675405595e-01 -6.912892864843819263e-01 3.489833602588964800e-01 3.454431822676256592e-01 -2.621603263443730292e-01 8.871584561854536366e-01 3.831519528277476105e-01 5.702781710399181803e-01 -1.013015669204723856e+00 -4.315735230035009917e-01 3.879252042308219406e-01 -3.260369631741033003e-01 6.908392485829408791e-01 -2.201088978058617363e-01 -1.176603959119086884e-01 -3.415156171577008459e-01 -1.287533451899350034e-01 -4.444176431296144592e-01
6.173253684979522760e-01 9.820690680174424259e-01 1.055434088979365819e-03 9.348937909145743630e-01 8.404168385269394914e-02 6.737053349036493666e-01 -5.294180878435591486e-01 -3.836841593340453160e-01 1.223940629031484567e-01 3.876740059444151454e-01 -2.706733950091576024e-01 2.236042931779516629e-01 -4.657896587485999551e-01 3.422225655493389418e-01 -3.472225651899213950e-01 -5.139011314860447710e-01 -2.607528930574211645e-01 -2.954394063809718252e-01 -1.803521444891891534e-01 -4.609063859782410177e-01 -2.988010722370065819e-01
3.787260226885238446e-01 -4.218321200248545955e-01 9.323114738816969116e-02 1.616684423650254443e+00 6.869591478048306943e-01 -4.762774676549801911e-01 -3.199232317991447805e-01 -7.081434030427291582e-01 -6.579180595928617592e-01 6.788503403770708156e-01 -3.883578497920869843e-01 5.443321165961325647e-01 2.705144429834268616e-01 -6.825151531165642160e-02 -2.869688869554873900e-01 -2.318387417621732560e-01 -4.382718447752371321e-02 -1.610254480142560563e-01 -1.509663877639635943e-01 -1.739393513258882529e-01 -2.408079539458901908e-01
-3.578043376513609930e-01 -7.339525192972786716e-01 -1.751597849594130341e-02 3.173727498027178462e-01 6.087411491280032561e-01 -1.091037261419013804e+00 3.788286247820239483e-01 -1.907013612122375745e+00 -1.017516865815982080e-01 -1.391914468435935803e-01 3.143583264864635018e-01 6.517635119454180392e-01 5.709531875722880789e-01 6.562240216368308010e-01 1.036124123555597132e+00 -1.008661253125843066e-01 4.268505138498386864e-01 -2.764739726748218218e-01 -3.202856588212945055e-01 -7.850939526062244989e-02 -7.323495942221787403e-02
9.575242440907127950e-01 -8.571249122618495031e-01 -7.639206482870035675e-01 5.350866831180320915e-01 1.324527800615924178e-01 7.458338697306557963e-01 -5.454256594663670771e-02 2.992702915128597208e-01 1.085566545214111445e+00 1.536540417565167571e-01 -2.372841986886726318e+00 8.538978551576703602e-01 -2.149911451433000609e-01 9.050597937739661702e-01 -2.409697752965283268e-01 6.292800625134761239e-01 -5.019519510134118345e-01 -2.604992503965413708e-01 -4.142329036029782641e-01 -3.133267646764470449e-01 -4.412270439934695698e-01
-3.416799617741690942e-01 1.187425385773699604e+00 -6.025518458735084071e-01 5.343118647440805447e-01 -1.588367856592175775e-01 7.695875611724075638e-01 -4.576020793276761589e-01 7.229898088317054938e-01 -1.179456261175192422e+00 4.612917528690381630e+00 -1.451665146660118699e+00 -5.255603620170911094e-01 -7.496887232897158082e-01 -1.350173702004815388e-02 -1.162328446928593717e+00 -2.563978937883871212e-01 8.906853772677433834e-02 -3.451439296835460691e-01 2.117631916489724209e-01 -3.632684941772252873e-01 -2.268835606480341105e-01
1.005134240144893304e-01 -4.051452096987165352e-01 -3.838462736633868055e-01 2.287572606763846217e+00 8.498849831071304539e-01 -1.312734143184083546e+00 -5.832762064818194370e-01 -3.176815946881589858e-01 -1.615904847251455057e-01 -7.300549198742437573e-01 -2.034131700805202336e-01 3.440671209304372313e-01 2.211328642818933543e-01 4.912687615961127130e-01 1.078089307102797212e-01 -4.795514069803492596e-01 5.054032044306484839e-02 -2.322294123568962865e-01 -1.414030549601431042e-01 2.210792164019864670e-02 7.383178246022825686e-02
9.648001883402237411e-01 -1.858080469096624165e+00 -1.199779784617379885e+00 -7.137744481199611579e-01 7.364000367278825676e-01 5.348411217510965487e-01 1.396327820368188366e+00 1.035034420205221073e+00 -1.273173241847318504e+00 -1.275464933789567379e-01 1.300979894032902262e+00 -8.995735356955913975e-01 1.994894882370579492e-01 6.060012907144380484e-02 1.109572827559938801e+00 -2.553508629302875255e-01 5.557923480339364009e-01 -1.818650608841895500e-01 -1.771856748789071845e-01 -3.858734603656071571e-01 -3.110657559310855969e-02
1.251267505356950638e+00 1.093651918451653549e+00 1.706533419766989024e+00 1.431096642374160011e+00 -1.111554049341196393e+00 1.169831187861771538e+00 -2.602658227031269700e+00 7.708744489835507308e-01 1.295413885837327861e+00 1.321532585836631357e+00 -2.615136866321458253e+00 1.138699832652389166e+00 -1.334646755105827642e+00 4.992360225423194131e-01 -1.048275243869104978e+00 -2.625214975343131973e-01 -9.372436915453238315e-01 -3.810018139599575249e-01 -3.056030540633443704e-01 -4.504371603254085366e-01 -2.530024514201449914e-01
-2.136512866187081222e-02 -8.549029996394683639e-01 1.298582565463739069e+00 1.618931261524104159e-01 -4.372153079827821309e-01 -2.289941807931726026e-01 2.463819592834765315e-01 -1.198853119015828472e+00 -1.573320729799793649e-01 1.214076300769439953e-01 3.652348977081531167e+00 -1.052060904454895196e+00 2.618895778055885248e-01 -7.763974825070096841e-01 1.780785864778265670e-02 -4.166903151457524990e-01 3.151971677052846088e-01 -2.483329906930152042e-01 -9.745435075715633277e-02 -1.634807827793740287e-01 -9.258067557913438050e-02
-7.230447791171105976e-02 1.323858629400605780e-01 -5.190015271055051782e-01 -2.501399238655242385e+00 1.458281162801508879e+00 6.778094185217851120e-01 -5.571079594130060597e-01 1.135303730802944777e+00 8.430277612459937675e-01 4.687615989604777822e-02 -1.016568296395184090e+00 1.041693569486813464e+00 -8.688073307137472723e-01 3.876157659389042331e-01 8.867816086391547836e-01 -1.725800156053159118e-01 -1.139555934090157562e-02 -2.433272902239450586e-01 -2.123105442885291627e-01 -3.546649963541706474e-01 -3.651106792985929217e-01
5.592806550043245561e-01 1.192512143513033029e+00 -2.443988136606468631e-01 1.745723523892195872e-01 -9.620490196574389419e-01 1.018621852469820732e+00 1.558758430505171599e-01 1.207739994031254538e+00 4.513522911189635223e-01 -1.221912195940008994e+00 -2.492053629368508605e-01 4.847331120849910358e-01 -6.230030314825553139e-01 -2.586419015330804205e-01 -5.960078311647848404e-01 2.768835610431428784e-01 -4.359493369058895507e-01 -3.378075776344658943e-01 -3.073689634391142955e-01 -3.037351355811591658e-01 -2.680327574137342794e-01
2.609062491557501140e-01 -4.604215081842630841e-01 -3.272843830804384457e-01 1.887586346975927420e-01 -1.163597690916481908e-01 1.375882756896960712e+00 5.983684474990582647e-01 -1.494752223280167547e+00 -3.556810201667099935e-01 1.177746088004379549e-01 -1.779077782581911515e+00 5.370847193561277821e-01 -4.063572844009658708e-02 2.883839701616125462e-01 8.624234284403304862e-01 5.414809616996454356e-01 1.330616092779145221e-01 -2.744663161535763063e-01 -3.319606469376177316e-01 -2.648555474808019783e-01 -3.435694939206415666e-01
1.945358952680648068e-01 7.032572704923943652e-02 -4.954349017857302001e-02 3.519022126759100422e-01 7.677428127025573978e-01 8.271769191767395224e-01 -2.579475555821814092e-02 -3.245024150998873647e-02 7.655545146326140360e-01 -1.292635145434944954e-01 -6.320140576839077262e-01 -1.901872970514908723e-01 -1.546427075008006691e-01 -1.722029922490245779e-01 -3.126952468418101039e-01 2.244349312808567865e-01 -4.511801264101933384e-01 -3.041309843518257838e-01 -2.749614858767931991e-01 -2.485183779220657974e-01 -2.671185016576912430e-01
-1.033389122566514606e+00 -5.415776837909546115e-01 2.533121473700231108e-01 8.856497020223589312e-01 7.400555771699333096e-01 8.604798689582996429e-01 9.534274133969125042e-01 6.596104322652748264e-01 -5.394490620799686775e-01 -5.714281340684502775e-01 7.602475173961500410e-01 1.046768259178796762e-01 3.235102817527638064e-01 -7.059162818703593745e-01 -1.035325312086299576e-01 1.035406553541574487e-01 -1.891026335292168570e-01 -2.671507647299390387e-01 -1.526194746592198226e-01 -3.439907668065754764e-01 -3.543852734064573684e-01
6.388289408210109377e-01 5.191851924485142433e-01 6.913203014067190733e-01 -7.636547520696684854e-01 8.223377169997551916e-02 9.345832056835491342e-01 5.687924157981347761e-01 -1.244098104755056861e-01 -6.920668615191395701e-02 3.868822955226865479e-01 2.088503522837530102e-01 -1.190373311663027511e+00 -2.444553335895239404e-02 -3.081985570239058614e-01 3.631945814313100596e-01 -3.611364411996944579e-01 -3.479008750587280208e-01 -4.038116284974843095e-01 -5.455057648517362967e-01 -1.649546810184199797e-01 -2.595016554772001105e-01
-3.464561246114887805e-01 -3.027926241801229268e-01 -1.961923644967201175e-01 -4.058774167359427421e-01 -7.444134289325377019e-01 2.341252458629262401e-01 1.289282779078554375e+00 2.061430988432772615e+00 1.341424408108867206e-01 3.031579081905079187e-01 1.010128904397765037e+00 -6.426825231582173892e-01 -3.936084940463617787e-01 -8.962150128240281566e-01 -1.277752006042237043e-01 -9.725456559487866137e-02 -8.178768435327693920e-04 -3.132534088061791899e-01 -3.192853714204859084e-01 -2.521786544707535493e-01 -1.435088297165441062e-01
2.236863645344075099e-02 5.426251447751034851e-02 6.169053557009716859e-02 1.259836790518766014e-01 -4.529310751111023658e-02 -3.436625880452072734e-01 4.902963628242708594e-01 -2.145596710209345670e-01 -3.943420597488656032e-01 -5.768374415397358179e-01 -5.921854463580432659e-01 2.068096400430810833e-01 3.176406647249629955e-01 5.094713043565385346e-01 -6.683791941415473392e-01 2.110326077492269761e-02 2.151562399534788561e+00 -2.144606773480775275e-01 3.125227238187715598e-03 -1.523203791075044833e-01 1.321173004283666408e-01
-3.934970843216523129e-01 1.363678600918986072e-01 2.623375191205915002e-01 1.196248494804735385e+00 5.342981374353461543e-01 4.375063085725420381e-02 -8.727443399323861484e-02 4.485257687695775042e-01 -1.257964786784518396e-02 -9.115650908504650818e-02 1.733922031193936009e-01 3.439139006208488669e-01 -3.906234236923901704e-01 2.360635881101378827e-02 -7.430668394460845372e-01 -2.089566079694549494e-01 8.615691453650722864e-02 -3.885309951222354341e-01 -3.223434328282728245e-01 -2.038688012446563114e-01 -4.768533060684885805e-01
-7.921610616331539179e-01 8.522131588751151732e-01 9.534863006035057542e-02 -1.218472067705468564e+00 -1.320173472049599450e+00 -2.177591470043100941e-01 -4.201911263572600252e-01 3.559676144097055628e-02 -4.236469504029307664e-01 -3.118174884484230525e-01 -3.623916554604850737e-01 1.575189358900440650e-01 -5.019904465268854032e-01 2.907192767028219826e+00 9.397332570166335719e-01 1.381527051867613487e+00 -7.224637684379049685e-02 -1.288310770025789531e-01 -2.220966676101837345e-01 -2.577393923001737863e-01 -2.480240105632082193e-01
1.236864460958319478e+00 8.472554817803387706e-02 1.250095603572983105e+00 -2.826581249139040741e-01 4.958785777213805535e-01 -4.575910992050510329e-01 6.451349134960714382e-01 -7.737454607158658071e-01 7.639276496217349832e-01 1.386607308757423329e+00 5.426431911580353873e-01 -8.174377261106321457e-01 -2.437862271248279478e-01 -9.209862102171789688e-01 -1.573012707741532346e-01 -8.443116831755010931e-01 -7.723035784878302598e-03 -6.697483817909816173e-01 -4.020897594014559151e-01 -4.157631429749141794e-01 -4.545252108442632277e-01
1.520814228028105619e+00 1.231712586780712160e+00 -1.573274279550962218e+00 1.818637942078297209e+00 -1.471791141880234299e+00 1.936931046129846123e+00 -3.037781659663909561e+00 2.038214208604457234e+00 1.090738317399219337e+00 -1.287828219680016151e+00 -2.010451436331672781e+00 1.319833092237498562e+00 -8.270884045721995648e-01 1.058337909451734449e+00 -4.479699808747768519e-01 1.456524086743329338e-01 -4.288558382563276150e-01 -1.493576889024622600e-01 -2.764649904543600711e-01 -2.282415640904579546e-01 -4.385505901414178398e-01
2.176944539404894463e-01 -2.125191880311763371e-01 -3.962269582156484060e-01 1.274929964812459904e+00 -2.657152549190716639e-01 4.333590478254633616e-01 1.653028815576424115e+00 -1.040944290862827470e+00 2.653677671685819583e-01 -3.285346060810572788e-01 -6.709107161190913660e-01 -2.423345022819251848e-01 -2.564076111510291689e-01 4.535338390502637040e-03 1.161115061408910298e+00 -5.803181046334707216e-02 -5.866005451362302781e-01 -3.789414351546386839e-01 -2.747302048495760540e-01 -1.134283695401448327e-01 -4.109601876966535727e-02
-3.004632004202971440e-03 -3.692347451849004036e-01 -3.045502218382291071e-01 -8.060878790668711547e-02 -1.744714824380346752e-01 2.897891538784380661e-01 -2.013967070155888439e-01 5.005633205102751060e-02 -1.378321726454564133e-01 -1.291005034090853654e+00 -2.552355460452219171e-01 3.225025569083153965e+00 3.808174167338169713e-01 -1.817249043902175454e-01 -4.578379373572001865e-01 1.689153712359733189e-02 -5.775485605122578081e-02 -4.173813377704687633e-01 -1.565957246759016042e-01 -1.337343439976038384e-01 -8.256877499697308498e-02
-3.504634006443707039e-01 1.854398376638791979e-01 -2.415184104996791550e-03 -2.708333040955128723e-01 3.093915020198415577e-01 1.137359021646695834e-01 -2.310064199494115678e-01 -6.910329892729795143e-01 -6.679665918862551788e-01 3.418921522553121980e-03 -1.216857810974908416e-01 -5.143124608352955818e-01 -2.058592343275379655e+00 -1.390760464161029109e-01 1.485452069552700927e+00 -5.182658813099117606e-02 2.315729317242437357e+00 -1.607383171989404391e-01 7.815523266077921694e-01 -3.551241558958150302e-01 1.358907656338757541e-01
-5.101953656892618261e-01 -1.586461485969855145e+00 4.903264195257063918e+00 -3.356292301122546506e-01 5.587428904909851057e-02 -5.254712031385138093e-01 -9.759404599980135708e-02 -4.793932723287600561e-01 -7.223616660308660453e-01 4.520499713622061488e-01 5.072881185912230251e-01 -1.903107863111735409e-01 2.983464283015360707e-01 4.250390554719738478e-01 -7.312280089555157625e-01 -7.395976880315200397e-01 3.536369575147151889e-01 -5.260373436203312769e-01 -2.870853140553748517e-01 -3.681977242744324252e-01 -3.588674848105400383e-01
1.259229071989824700e+00 1.541784450225131664e+00 -1.573767260361889075e+00 1.013505260870267044e+00 -1.501066889603686061e+00 1.089310459573280099e+00 -2.371326300230378159e+00 1.126758753701336380e+00 7.733994041268038577e-01 -1.132717341014125134e+00 -1.395499242519909977e+00 1.776288729589704518e+00 -1.010626722450245429e+00 1.720927619103930661e+00 -6.958692665251970944e-01 8.333886918895555551e-01 -2.911856346814233332e-01 -2.565776843680404595e-01 -3.555807074007205082e-01 -1.394304756032561377e-01 -2.789959546616659902e-01
9.321399264182543831e-01 2.920777132874580739e-01 -7.673655192653843216e-01 1.020214779350001599e+00 -2.426295115201971275e-01 1.241641608077791004e+00 -1.038363054227170679e+00 9.948455672167110242e-01 5.012932422561870993e-01 -1.085612821289898999e+00 -2.373568901531213804e+00 1.817284587979967947e+00 -1.237257324702750072e+00 1.858421223860869498e+00 -4.797491505722175087e-01 5.975027326469007916e-01 -8.004209626516674003e-01 -3.406589198442307453e-01 -1.660754642705372097e-01 -4.625339327424770608e-01 -1.876995196307182368e-01
