[ 7 11 11 11 11 11 11 11 ]
[ 7 11 11 8 11 11 11 11 8 8 8 ]
[ 7 8 11 11 11 11 8 11 11 11 11 11 8 11 11 11 11 11 11 11 11 11 11 8 8 11 11 11 11 8 11 11 8 11 11 ]
[ 7 8 11 ]
[ 7 8 11 8 11 11 11 11 11 ]
[ 7 11 8 11 8 ]
[ 8 11 11 8 11 8 11 11 8 11 8 11 8 11 11 8 8 11 11 ]
[ 7 8 11 11 8 11 11 11 11 8 ]
[ 7 8 11 11 8 ]
[ 7 11 11 8 11 11 8 8 11 11 8 8 11 11 8 11 ]
[ 7 8 11 ]
[ 7 11 11 11 11 11 8 11 11 11 8 11 8 8 11 11 8 ]
[ 7 8 11 11 11 11 11 8 ]
[ 8 11 11 11 8 8 11 11 8 11 11 11 8 11 ]
[ 7 11 11 8 11 8 ]
[ 7 11 8 11 11 8 11 11 11 8 11 11 11 11 11 11 11 ]
[ 8 8 11 8 11 11 ]
[ 7 8 11 ]
[ 7 8 11 8 11 11 8 11 11 8 ]
[ 7 11 8 11 11 11 11 8 ]
[ 7 11 8 11 8 11 11 11 11 8 11 8 ]
[ 8 11 11 11 11 8 11 11 11 11 8 11 11 8 11 11 8 11 ]
[ 8 8 11 11 11 11 8 8 11 11 8 8 11 11 8 ]
[ 7 11 8 11 11 8 11 11 11 11 11 8 11 8 11 8 11 8 ]
[ 7 11 8 11 11 11 8 11 11 11 11 11 ]
[ 7 11 8 ]
[ 7 11 8 11 ]
[ 7 11 8 11 8 ]
[ 7 8 11 10 8 8 11 11 11 8 ]
[ 8 11 11 8 11 11 8 11 11 11 11 ]
[ 7 11 11 11 8 11 11 8 11 ]
[ 7 11 11 8 8 11 11 8 ]
[ 7 8 11 8 11 11 8 ]
[ 7 11 8 11 11 11 8 ]
[ 7 11 11 7 8 11 8 11 8 11 11 11 8 11 11 11 8 11 11 11 8 8 11 11 11 11 11 8 11 11 11 11 11 11 11 ]
[ 7 11 8 11 8 ]
[ 8 11 11 11 ]
[ 7 8 11 11 8 8 11 8 11 11 8 8 11 11 11 8 8 11 8 11 8 ]
[ 7 8 11 11 8 11 11 8 8 11 11 8 11 11 11 11 11 11 8 ]
[ 7 8 11 11 ]
[ 7 11 8 11 11 8 11 11 11 11 11 11 11 8 ]
[ 7 11 8 11 11 11 11 11 11 8 ]
[ 7 8 11 8 11 8 11 11 11 8 8 ]
[ 7 8 11 8 ]
[ 7 11 8 11 11 8 11 11 8 ]
[ 7 7 11 8 8 11 8 11 11 8 8 11 11 ]
[ 7 11 11 11 8 11 8 8 8 11 11 8 11 11 8 11 11 11 11 8 11 11 11 11 8 8 11 8 ]
[ 7 11 11 8 11 8 8 8 11 11 ]
[ 7 8 11 8 11 8 11 11 8 11 11 11 8 11 11 ]
[ 7 8 11 11 11 8 11 8 11 11 8 11 11 8 ]
[ 7 8 8 11 11 8 ]
[ 7 11 8 11 ]
[ 7 8 11 8 11 11 8 8 11 11 8 11 8 8 11 11 8 ]
[ 7 8 11 8 8 11 11 8 ]
[ 7 8 8 ]
[ 7 8 11 8 11 8 11 11 11 11 11 8 11 11 8 11 11 11 11 11 11 ]
[ 7 8 11 11 11 11 11 8 ]
[ 7 8 11 7 11 7 8 11 ]
[ 7 8 11 11 8 11 11 11 11 8 8 11 8 11 11 11 11 8 11 ]
[ 7 11 11 8 11 8 8 11 11 11 11 8 ]
[ 7 11 11 8 11 11 11 8 8 11 ]
[ 7 11 8 8 8 11 11 8 11 11 ]
[ 7 11 1 8 8 8 11 11 11 11 1 8 8 11 11 11 11 8 8 11 11 11 11 11 8 8 11 11 8 11 11 8 11 8 11 8 11 11 ]
[ 7 11 8 8 11 ]
[ 7 8 11 11 8 11 11 11 8 ]
[ 7 11 11 11 11 8 11 8 11 8 11 11 8 11 11 11 11 11 8 8 11 8 11 11 11 11 11 11 8 8 ]
[ 7 8 11 11 8 ]
[ 7 11 11 8 11 11 8 ]
[ 7 11 1 8 8 8 11 11 8 8 11 11 8 ]
[ 7 11 11 8 11 11 8 11 8 11 11 11 11 11 8 11 11 8 ]
[ 7 8 11 8 11 8 ]
[ 7 11 8 11 11 8 11 11 11 11 8 8 11 11 8 8 11 8 11 11 8 11 8 11 11 8 11 11 11 11 8 11 11 8 11 8 8 11 11 11 8 11 ]
[ 7 8 11 8 11 8 11 11 11 8 11 11 11 8 11 11 11 8 11 8 11 11 11 8 11 8 11 11 11 8 ]
[ 7 8 11 11 11 11 11 11 11 11 11 11 11 11 11 8 11 11 8 11 11 8 11 11 11 11 11 8 ]
[ 7 11 11 8 11 11 11 11 8 11 8 11 11 8 11 11 11 11 8 11 11 8 8 11 11 ]
[ 7 11 8 11 8 11 8 ]
[ 7 11 11 8 11 11 8 11 ]
[ 7 8 11 11 11 11 ]
[ 7 8 11 11 8 ]
[ 7 8 11 11 11 11 11 11 8 11 11 8 11 11 ]
[ 7 8 8 11 8 8 11 ]
[ 7 11 8 11 11 8 11 11 11 ]
[ 7 11 11 8 11 11 11 ]
[ 7 7 11 11 11 11 11 8 11 11 ]
[ 7 11 11 11 11 8 11 11 8 11 ]
[ 7 11 11 11 ]
[ 7 8 8 11 11 8 8 11 11 8 8 11 ]
[ 8 8 11 8 11 8 11 11 11 ]
[ 8 11 11 11 8 11 11 8 11 11 8 ]
[ 7 11 8 11 8 11 11 8 11 8 11 11 ]
[ 7 8 8 11 8 11 8 11 11 8 11 8 11 11 11 8 11 11 8 8 ]
[ 7 11 1 8 8 8 11 11 11 8 11 8 11 11 8 ]
[ 7 8 11 11 11 ]
[ 7 8 8 11 11 11 8 ]
[ 7 11 8 11 11 11 8 11 11 8 11 8 11 8 11 8 11 11 11 11 11 11 8 11 11 11 8 11 11 11 8 11 8 11 8 ]
[ 7 1 8 8 ]
[ 7 11 11 11 8 11 8 11 11 8 11 11 8 11 11 8 11 11 ]
[ 7 8 11 11 11 8 11 11 11 11 8 8 ]
[ 7 8 11 11 11 8 11 8 11 8 ]
[ 7 11 11 8 8 8 11 11 8 11 ]
[ 7 11 11 11 11 11 8 11 11 11 11 8 8 8 11 8 8 11 8 11 ]
[ 7 8 11 8 11 8 11 ]
[ 7 11 8 11 11 11 11 11 8 11 11 11 8 8 8 11 11 11 8 ]
[ 7 11 8 11 11 11 11 11 8 11 ]
[ 7 8 11 11 ]
[ 7 11 11 11 ]
[ 7 11 11 ]
[ 7 8 11 11 11 11 8 11 8 11 11 11 8 11 8 11 8 8 11 ]
[ 7 8 11 11 11 8 11 ]
[ 7 8 11 11 8 11 8 11 8 ]
[ 7 1 8 8 8 ]
[ 7 8 11 11 8 11 8 11 8 11 8 ]
[ 8 8 11 ]
[ 7 8 11 11 8 8 11 8 11 ]
[ 7 8 11 11 8 11 11 11 8 8 11 11 11 11 11 ]
[ 7 11 11 8 ]
[ 7 8 11 11 8 11 11 11 11 11 11 8 11 11 ]
[ 7 11 11 11 11 11 11 8 11 11 8 11 ]
[ 7 8 8 8 11 11 11 11 8 ]
[ 7 11 8 11 8 11 ]
[ 7 11 8 8 11 8 11 8 11 8 11 ]
[ 7 8 11 11 8 11 11 ]
[ 7 1 8 8 8 11 8 11 11 11 8 8 11 11 11 8 11 11 ]
[ 7 11 11 11 11 11 8 ]
[ 7 11 8 11 11 ]
[ 7 8 11 8 11 8 8 11 8 11 11 11 11 11 8 ]
[ 7 11 11 8 11 11 8 8 11 11 8 8 ]
[ 7 11 11 11 8 8 11 11 8 11 11 ]
[ 7 11 11 11 11 11 11 ]
[ 7 11 11 8 8 11 11 11 8 ]
[ 7 8 11 8 8 11 11 8 11 8 8 11 11 11 11 11 ]
[ 7 11 11 11 8 11 8 8 11 11 8 11 11 11 11 8 8 ]
[ 7 8 1 ]
[ 7 11 11 8 11 8 11 ]
[ 7 8 11 11 8 11 11 11 11 11 8 11 11 8 11 11 8 11 11 ]
[ 7 8 8 11 ]
[ 7 11 11 11 11 8 ]
[ 7 8 8 8 11 ]
[ 7 8 11 8 11 11 11 ]
[ 7 8 11 11 11 11 ]
[ 7 8 11 8 8 11 8 11 11 8 ]
[ 7 8 11 11 8 11 8 ]
[ 8 11 11 11 11 11 ]
[ 7 8 11 8 11 11 11 11 11 8 ]
[ 7 8 11 8 8 11 11 11 ]
[ 7 7 11 8 11 8 11 11 8 8 11 11 11 8 8 ]
[ 8 11 11 ]
[ 7 8 11 8 11 8 8 11 11 ]
[ 7 8 11 11 8 11 11 11 8 11 8 11 8 11 11 11 11 ]
[ 7 8 8 11 8 8 11 11 11 11 11 11 11 8 11 11 8 11 11 11 11 11 8 11 11 11 8 8 11 8 ]
[ 7 8 11 11 8 11 8 11 11 8 11 11 8 11 11 8 ]
[ 7 8 11 11 11 8 11 11 11 11 11 11 8 11 8 11 8 8 8 8 11 11 ]
[ 7 8 11 8 ]
[ 7 8 11 8 11 11 11 8 11 11 8 11 11 11 11 8 11 11 ]
[ 7 11 11 8 11 ]
[ 7 8 8 11 11 11 11 11 8 11 11 8 8 11 11 11 8 11 8 11 11 11 11 ]
[ 7 11 7 8 11 11 8 11 8 11 11 ]
[ 7 8 11 11 8 11 11 11 11 ]
[ 7 11 8 8 11 8 8 11 ]
[ 7 8 8 11 8 11 8 8 11 11 8 11 11 8 8 11 11 8 11 8 8 11 11 8 ]
[ 7 11 11 11 8 11 11 ]
[ 7 8 11 11 11 11 8 11 11 11 11 11 11 11 11 8 ]
[ 7 8 11 8 11 ]
[ 7 8 11 11 11 11 11 8 11 ]
[ 7 8 11 11 11 8 11 8 ]
[ 7 8 11 8 11 11 8 11 11 8 11 8 11 11 ]
[ 7 11 8 11 8 ]
[ 7 11 8 8 11 8 11 ]
[ 7 8 11 11 11 8 8 11 8 11 11 8 11 8 ]
[ 7 8 10 11 11 11 11 8 11 ]
[ 7 8 11 11 8 11 11 11 11 8 11 11 8 11 8 8 11 11 11 8 11 11 11 11 8 ]
[ 7 11 11 11 11 11 8 11 11 8 11 11 11 11 8 11 11 11 11 8 11 11 8 11 8 11 11 8 11 ]
[ 7 11 11 11 11 8 11 11 8 11 11 8 11 8 11 8 11 8 11 11 11 11 11 11 8 11 11 11 11 8 11 8 8 ]
[ 7 8 8 11 8 ]
[ 7 8 11 8 11 8 8 ]
[ 7 8 11 8 8 11 11 8 ]
[ 7 8 8 11 11 8 11 11 11 ]
[ 7 8 11 ]
[ 7 8 11 11 8 11 11 8 8 ]
[ 8 11 8 11 11 8 8 ]
[ 7 11 8 11 11 11 11 11 8 11 11 8 11 8 8 ]
[ 7 8 11 11 8 11 11 8 8 11 11 11 11 ]
[ 7 8 11 8 11 8 11 ]
[ 8 11 11 11 ]
[ 7 11 11 8 8 11 11 8 11 11 11 ]
[ 7 11 11 11 11 8 11 ]
[ 7 8 11 ]
[ 7 8 11 11 11 8 11 11 8 11 11 11 11 ]
[ 7 1 8 8 8 11 8 11 11 11 8 8 11 11 11 ]
[ 7 8 8 11 11 8 8 8 11 8 8 11 ]
[ 7 7 11 11 11 8 11 11 11 ]
[ 7 8 8 11 8 11 ]
[ 8 8 11 8 11 11 11 8 ]
[ 7 11 11 8 ]
[ 7 11 11 8 11 ]
[ 7 8 8 11 11 8 11 11 ]
[ 7 8 11 11 8 11 11 8 ]
[ 7 11 11 8 8 11 8 11 11 ]
[ 7 8 11 8 11 11 11 ]
[ 8 11 11 11 8 8 11 8 ]
[ 7 8 11 11 11 11 11 11 11 11 11 11 11 ]
[ 7 11 11 11 8 11 11 11 11 8 11 ]
[ 7 11 11 8 11 11 11 11 11 11 11 11 11 11 11 ]
[ 7 11 11 11 8 11 8 11 8 8 11 11 ]
[ 7 11 8 11 ]
[ 7 11 11 8 11 8 11 11 8 11 11 11 8 8 11 11 11 ]
[ 7 11 11 8 11 8 11 ]
[ 7 11 11 ]
[ 7 8 11 ]
[ 7 8 11 11 11 11 ]
[ 7 11 11 11 11 8 11 11 11 11 11 11 11 11 11 8 11 11 8 ]
[ 7 8 8 11 11 11 11 11 11 11 11 11 11 8 11 11 11 ]
[ 7 11 11 11 11 1 8 8 8 11 11 11 8 11 11 ]
[ 7 8 8 11 11 11 11 11 11 8 8 11 8 11 ]
[ 7 11 11 8 8 11 11 11 11 11 11 11 8 11 8 11 11 8 11 11 11 ]
[ 7 11 8 8 11 11 8 11 11 8 ]
[ 7 11 8 11 8 11 11 8 8 11 11 11 11 11 11 8 8 11 11 11 8 11 11 8 ]
[ 7 8 11 11 11 8 8 11 11 11 8 11 8 ]
[ 7 8 11 8 8 11 11 8 11 ]
[ 7 8 11 11 8 8 11 ]
[ 7 11 11 ]
[ 7 11 11 11 11 11 11 ]
[ 7 11 11 7 11 11 11 11 8 11 11 11 11 8 11 11 8 11 11 8 11 11 8 ]
[ 7 8 11 8 11 11 11 11 ]
[ 7 11 8 11 11 8 8 11 11 ]
[ 7 8 11 ]
[ 7 8 11 11 8 8 11 8 11 11 8 11 8 11 11 11 8 11 8 ]
[ 7 8 11 11 11 1 ]
[ 7 11 1 8 8 8 11 11 8 8 11 11 8 ]
[ 7 11 8 8 11 11 11 8 ]
[ 7 11 11 8 8 8 11 11 11 8 11 ]
[ 7 11 11 11 8 11 8 8 11 11 8 11 8 8 11 11 8 11 8 8 11 8 11 8 11 11 8 8 11 8 11 11 11 11 8 11 8 11 8 11 11 11 8 11 8 8 11 11 11 8 11 11 8 ]
[ 7 8 11 8 11 8 8 11 11 11 11 11 11 8 11 11 8 ]
[ 7 8 11 11 11 11 8 11 11 11 8 8 11 8 11 11 8 11 11 8 ]
[ 7 11 11 8 11 11 8 11 ]
[ 7 8 11 7 11 7 8 11 ]
[ 7 8 8 ]
[ 7 8 11 8 11 8 11 11 8 11 11 11 11 11 8 8 ]
[ 7 11 11 8 11 11 8 11 ]
[ 7 11 11 1 8 11 11 8 11 11 11 11 11 11 ]
[ 7 11 11 11 11 11 11 ]
[ 7 11 8 8 11 11 8 11 11 8 11 8 11 8 ]
[ 7 8 11 11 11 11 8 8 ]
[ 7 8 11 8 8 11 11 11 8 11 11 8 ]
[ 7 8 11 11 8 11 11 8 ]
[ 7 11 8 11 11 11 11 11 11 8 ]
[ 7 8 11 8 11 8 11 8 11 ]
[ 7 11 8 11 11 8 11 8 11 11 8 11 11 8 ]
[ 7 1 6 11 11 11 8 8 8 8 11 11 8 11 8 11 11 11 8 11 8 11 11 8 11 11 8 8 11 11 8 11 11 11 11 11 8 11 11 8 11 11 11 11 ]
[ 7 11 11 11 8 11 11 8 ]
[ 7 8 11 7 11 8 8 11 11 11 ]
[ 7 11 8 11 8 8 8 11 11 ]
[ 7 11 11 8 11 11 8 ]
[ 7 8 8 11 11 8 11 11 8 8 11 8 11 11 11 8 11 11 8 8 ]
[ 7 8 11 8 11 8 11 11 11 11 7 11 11 8 11 7 8 11 11 11 8 11 7 8 8 11 11 8 ]
[ 7 11 11 8 11 11 11 11 8 11 11 8 11 8 11 8 11 ]
[ 7 8 11 8 11 ]
[ 7 8 11 ]
[ 7 11 8 11 11 11 8 11 11 11 8 ]
[ 7 8 11 11 8 ]
[ 7 11 11 11 ]
[ 7 8 11 11 8 11 11 8 11 ]
[ 11 8 11 8 11 11 11 ]
[ 7 8 8 11 8 11 11 8 11 8 11 11 11 11 11 11 8 ]
[ 7 8 11 8 8 11 11 8 ]
[ 7 8 11 11 8 11 11 ]
[ 7 8 11 11 8 ]
[ 7 8 11 11 11 ]
[ 7 11 8 11 11 11 11 8 8 ]
[ 8 11 11 8 11 8 11 11 8 11 11 8 11 11 8 ]
[ 7 8 11 11 8 ]
[ 7 11 11 11 11 11 11 8 11 11 11 8 8 ]
[ 7 8 11 11 8 11 8 ]
[ 7 8 11 11 8 11 11 ]
[ 7 8 8 8 11 11 11 11 11 ]
[ 7 11 8 11 8 11 11 11 11 11 ]
[ 7 11 8 8 ]
[ 8 11 8 11 11 11 11 8 11 8 11 11 ]
[ 7 8 8 11 11 11 8 11 11 8 11 11 8 8 11 11 11 11 8 8 ]
[ 7 11 11 8 8 11 11 8 11 11 11 11 11 8 8 11 11 ]
[ 7 11 11 11 8 ]
[ 7 11 11 8 11 8 11 11 11 8 8 11 11 8 ]
[ 7 11 8 ]
[ 7 11 8 ]
[ 8 8 11 8 11 11 11 11 8 11 11 8 8 11 11 11 11 11 8 11 8 ]
[ 7 8 8 11 8 ]
[ 7 8 8 11 8 8 8 11 8 11 ]
[ 7 8 11 8 11 11 11 11 8 ]
[ 7 8 11 ]
[ 7 11 11 11 11 8 ]
[ 7 11 8 8 11 ]
[ 7 11 8 8 11 8 11 11 8 8 11 11 ]
[ 7 11 11 11 8 11 8 11 11 11 11 11 11 8 11 11 8 11 11 11 ]
[ 7 11 11 8 11 8 ]
[ 8 8 11 8 8 11 11 ]
[ 7 11 8 11 11 8 11 11 11 8 11 8 11 8 11 8 11 11 8 11 8 8 ]
[ 7 11 8 11 11 11 11 11 11 11 11 11 11 8 11 11 11 11 8 11 8 11 11 8 11 8 11 8 11 11 11 11 11 11 8 11 8 11 11 ]
[ 7 11 11 11 8 11 8 ]
[ 7 11 11 11 8 8 11 11 ]
[ 7 8 11 11 11 8 11 8 8 11 8 11 11 8 11 8 11 11 8 11 11 ]
[ 7 8 11 8 8 11 8 8 11 8 8 11 8 8 ]
[ 7 11 8 11 11 11 8 11 8 11 ]
[ 7 11 6 ]
[ 7 11 2 11 11 8 ]
[ 7 8 8 11 11 11 11 11 8 11 8 11 11 11 11 8 8 11 11 ]
[ 7 11 8 11 11 11 8 11 11 8 8 11 11 11 11 11 11 11 11 ]
[ 7 11 11 11 8 11 11 11 11 11 8 11 11 ]
[ 7 11 8 11 11 11 8 8 11 11 11 11 8 11 11 11 ]
[ 7 11 8 11 11 11 11 11 11 11 11 11 ]
[ 7 8 11 10 8 11 11 11 8 ]
[ 8 11 11 ]
[ 7 8 11 11 11 8 ]
[ 8 11 11 8 11 8 11 11 11 8 11 11 11 11 11 11 11 11 8 11 11 8 11 11 8 8 ]
[ 7 11 11 11 11 8 11 11 11 11 11 11 8 11 11 8 8 ]
[ 7 8 11 8 11 8 ]
[ 7 8 8 11 11 8 11 11 11 11 11 11 8 11 8 11 11 8 11 8 11 11 8 ]
[ 7 8 11 11 11 8 ]
[ 7 8 11 8 11 11 8 11 8 11 8 11 11 8 11 11 11 8 8 11 11 8 11 ]
[ 7 8 11 11 11 8 11 11 8 11 ]
[ 7 11 11 8 11 11 11 ]
[ 7 11 11 11 11 11 11 8 11 11 8 11 8 11 11 8 11 8 ]
[ 7 11 8 11 11 11 11 11 8 11 11 11 11 ]
[ 7 8 8 8 11 11 11 11 8 8 ]
[ 7 11 11 7 11 8 11 8 11 8 11 8 ]
[ 7 8 11 11 8 8 11 8 11 8 11 ]
[ 7 8 11 11 8 8 8 ]
[ 7 8 8 8 11 8 8 11 ]
[ 7 8 11 8 11 8 11 11 ]
[ 7 8 11 8 8 11 11 11 8 ]
[ 7 8 11 11 8 11 11 11 ]
[ 7 11 11 8 11 8 11 11 11 11 11 8 11 8 ]
[ 7 11 11 8 ]
[ 7 11 8 11 11 11 8 8 11 11 11 8 11 11 11 11 8 ]
[ 7 8 11 8 8 11 8 11 8 8 11 8 8 11 11 8 ]
[ 7 11 11 11 8 11 11 11 8 8 11 11 ]
[ 7 8 11 11 8 11 8 11 11 11 11 11 ]
[ 7 11 8 ]
[ 7 11 8 11 11 8 11 11 8 11 11 11 8 ]
[ 8 11 8 11 8 11 11 8 11 8 11 11 8 11 11 8 ]
[ 7 11 11 8 11 11 11 8 11 11 11 8 11 11 11 11 8 11 8 11 8 11 11 11 11 8 11 11 11 11 8 8 8 11 11 8 11 8 8 ]
[ 7 11 11 8 11 11 11 11 8 ]
[ 8 8 11 8 ]
[ 8 11 11 11 11 ]
[ 7 11 8 8 11 11 11 11 8 11 11 11 11 11 8 11 11 11 11 ]
[ 7 11 8 8 11 ]
[ 7 11 11 8 8 8 11 11 11 8 11 11 ]
[ 7 11 8 11 11 ]
[ 7 8 11 11 8 11 11 11 8 11 8 11 11 ]
[ 7 8 8 11 8 11 11 ]
[ 7 8 8 8 ]
[ 7 11 8 8 11 11 8 8 11 8 11 11 8 8 11 11 11 8 8 11 ]
[ 7 8 11 ]
[ 7 11 8 8 11 11 11 11 10 8 8 11 11 11 8 ]
[ 7 11 11 11 8 ]
[ 7 11 8 8 ]
[ 7 11 11 ]
[ 7 11 11 8 11 11 8 11 11 11 11 11 11 11 8 11 11 11 11 8 11 11 8 ]
[ 7 8 8 8 11 11 ]
[ 7 11 11 8 11 11 8 ]
[ 7 8 8 8 ]
[ 8 11 11 8 11 ]
[ 7 11 11 8 11 11 11 11 1 11 8 ]
[ 7 11 11 8 8 8 11 8 11 11 11 8 ]
[ 7 11 8 11 11 11 11 11 11 8 8 ]
[ 7 11 8 11 8 11 8 8 11 11 11 11 11 8 11 11 11 11 8 11 11 11 ]
[ 7 11 11 8 11 8 11 8 8 11 11 11 11 11 8 ]
[ 7 8 8 11 11 11 8 11 8 8 11 ]
[ 7 11 8 11 11 8 11 11 8 8 11 11 11 8 ]
[ 7 8 11 11 8 ]
[ 7 11 8 11 11 11 8 8 8 ]
[ 7 8 11 11 8 8 11 11 11 11 10 8 8 11 11 11 8 ]
[ 7 11 11 8 11 8 8 8 11 8 8 ]
[ 7 11 11 11 11 8 11 11 11 11 11 ]
[ 7 11 11 8 11 11 8 ]
[ 7 11 11 11 8 11 11 8 11 11 8 8 11 11 11 11 ]
[ 7 8 11 11 11 ]
[ 7 8 11 8 11 8 11 11 11 8 8 11 11 8 ]
[ 7 8 11 11 11 8 11 11 11 1 8 ]
[ 7 11 11 8 11 ]
[ 7 11 11 11 8 8 ]
[ 7 11 8 11 8 8 11 8 11 11 11 11 8 ]
[ 7 8 11 11 8 11 8 8 11 11 11 ]
[ 7 8 11 8 11 8 ]
[ 7 8 11 11 11 11 11 8 11 11 8 ]
[ 7 8 11 11 11 ]
[ 7 11 11 8 ]
[ 8 11 11 8 11 11 11 8 11 11 11 11 11 ]
[ 7 8 8 11 11 8 ]
[ 7 11 8 ]
[ 7 8 8 ]
[ 7 8 11 8 8 11 ]
[ 7 8 8 11 11 8 11 11 11 8 ]
[ 7 11 11 8 11 8 11 11 11 8 11 11 11 11 11 11 8 8 11 11 8 11 11 11 11 11 11 11 11 11 11 11 8 8 8 11 11 11 8 11 11 8 11 ]
[ 7 11 8 11 11 8 11 11 11 8 8 11 11 11 11 11 ]
[ 7 6 11 8 11 11 11 11 11 8 11 11 11 ]
[ 7 8 11 8 8 11 11 8 8 11 11 8 ]
[ 7 8 11 8 8 8 11 8 11 8 11 11 8 11 8 11 11 11 8 11 11 11 8 11 8 ]
[ 7 8 11 11 8 11 8 11 11 ]
[ 7 8 8 11 11 11 11 8 11 11 11 8 11 11 8 11 8 8 11 11 8 8 11 8 ]
[ 7 8 8 8 11 8 11 8 11 11 11 8 11 11 11 11 11 8 8 11 11 8 11 8 8 ]
[ 7 11 8 8 11 11 11 8 11 ]
[ 7 11 8 8 11 11 11 11 11 11 11 11 11 10 11 8 11 11 11 8 ]
[ 7 11 11 11 11 8 11 11 11 11 11 11 8 11 11 11 11 11 8 11 11 8 ]
[ 7 8 8 8 11 ]
[ 7 8 11 11 8 11 11 11 11 ]
[ 7 11 11 8 11 8 11 11 11 8 11 8 11 11 8 11 ]
[ 7 11 8 11 8 11 11 11 ]
[ 7 8 11 8 8 11 11 11 8 11 11 11 8 8 11 11 8 8 11 11 11 11 11 11 8 11 11 8 11 11 11 11 8 ]
[ 7 8 8 11 8 11 11 11 11 ]
[ 7 11 8 11 11 11 11 11 ]
[ 7 11 11 11 ]
[ 7 11 11 8 11 8 8 ]
[ 7 8 11 11 8 ]
[ 7 8 11 ]
[ 7 11 8 8 11 11 11 ]
[ 7 8 11 ]
[ 7 8 11 7 8 8 11 ]
[ 7 8 11 8 11 11 8 11 11 11 8 11 11 8 ]
[ 7 11 11 8 11 11 11 8 11 11 11 11 8 11 11 11 8 11 ]
[ 7 11 11 8 11 11 8 11 11 11 8 8 11 8 ]
[ 7 8 11 11 8 8 11 11 8 ]
[ 8 11 11 8 11 8 8 11 8 11 11 8 11 8 11 8 8 11 8 11 11 8 11 8 11 11 8 11 11 11 11 8 11 8 11 11 11 11 11 ]
[ 7 8 8 11 11 11 8 11 8 11 11 11 11 11 11 ]
[ 7 11 11 8 11 11 11 11 11 11 ]
[ 7 8 11 8 8 11 11 8 11 11 8 11 11 8 8 11 8 ]
[ 7 11 8 8 11 11 8 11 11 11 8 11 11 11 11 11 11 ]
[ 7 11 8 8 8 8 11 11 8 8 8 8 ]
[ 7 11 11 8 8 ]
[ 7 8 11 11 11 11 11 11 8 ]
[ 7 11 11 11 11 ]
[ 7 11 11 ]
[ 7 11 11 8 11 11 8 ]
[ 7 11 11 8 11 8 11 8 11 ]
[ 7 8 11 8 11 11 ]
[ 7 8 11 11 8 11 11 8 ]
[ 7 8 11 8 11 8 11 8 11 11 11 11 11 8 11 11 11 ]
[ 7 11 11 11 11 8 11 11 11 11 11 8 ]
[ 7 8 11 8 11 11 8 11 11 11 8 ]
[ 7 11 8 11 11 8 11 8 ]
[ 7 11 8 11 11 8 8 11 11 11 ]
[ 7 8 11 8 11 11 11 8 ]
[ 7 8 8 11 11 8 11 ]
[ 7 8 11 11 8 11 8 11 8 11 11 8 11 11 11 11 8 11 8 11 8 11 11 11 11 11 11 11 11 8 11 11 11 11 11 11 8 11 11 8 11 11 11 11 11 11 11 11 11 ]
[ 8 11 11 11 ]
[ 7 8 11 11 11 11 11 11 11 11 8 11 11 8 11 11 11 8 11 8 11 11 1 11 11 8 11 11 11 11 11 11 ]
[ 7 11 11 ]
[ 7 8 11 8 11 11 11 11 8 11 11 1 8 8 8 11 11 11 11 ]
[ 7 11 8 11 8 11 8 11 11 11 8 11 11 11 ]
[ 8 8 11 ]
[ 7 8 8 11 11 11 ]
[ 7 8 11 11 11 8 11 11 ]
[ 7 11 8 8 11 11 11 8 11 11 11 11 8 ]
[ 7 11 11 8 11 8 11 8 11 11 11 8 11 11 ]
[ 7 8 11 8 11 8 11 ]
[ 7 11 8 8 11 11 11 11 11 8 11 8 8 ]
[ 7 7 11 11 11 11 8 11 11 11 11 ]
[ 7 11 11 ]
[ 7 8 11 11 11 8 ]
[ 7 11 11 8 11 11 11 8 8 8 11 ]
[ 7 8 8 8 11 11 8 11 ]
[ 7 11 8 8 11 11 8 11 11 11 8 8 ]
[ 7 8 11 8 11 ]
[ 7 8 8 8 11 11 8 8 8 8 11 8 8 11 11 11 8 11 11 ]
[ 7 8 11 8 11 8 11 8 11 11 11 11 8 ]
[ 7 8 11 11 8 11 11 11 11 8 8 11 8 11 11 11 11 8 11 ]
[ 7 8 11 11 11 11 8 ]
[ 7 8 11 11 11 11 11 11 11 11 11 8 11 8 11 11 ]
[ 7 11 11 ]
[ 7 11 11 8 8 11 8 11 8 8 11 11 11 11 11 8 ]
[ 7 11 8 11 11 11 11 11 11 11 11 11 11 ]
[ 7 11 11 8 11 11 11 11 11 8 8 11 8 11 8 ]
[ 7 8 11 11 1 8 8 8 ]
[ 7 8 11 11 8 8 ]
[ 7 11 11 8 11 8 8 11 ]
[ 7 8 11 11 11 8 ]
[ 7 11 11 11 11 11 11 8 11 6 11 8 11 8 11 8 11 11 8 11 11 11 11 8 11 ]
[ 7 11 11 8 11 11 ]
[ 7 11 8 11 11 11 8 11 11 8 11 2 11 11 8 11 8 ]
[ 7 8 11 7 8 11 11 11 11 ]
[ 7 8 11 8 11 11 11 8 ]
[ 7 11 11 11 11 11 8 11 11 11 11 8 ]
[ 7 11 8 8 11 ]
[ 7 8 11 8 ]
[ 7 8 8 11 11 8 8 11 11 8 11 8 11 ]
[ 7 11 8 8 8 11 8 11 11 ]
[ 7 8 8 11 11 11 8 11 11 8 8 ]
[ 7 8 11 11 8 11 11 8 8 8 11 8 11 11 11 11 11 8 8 11 8 11 11 ]
[ 7 11 11 8 11 11 11 ]
[ 7 8 11 8 11 11 11 11 ]
[ 7 8 11 11 8 ]
[ 7 11 11 8 8 11 8 11 11 11 11 11 11 8 11 8 11 8 8 11 8 ]
[ 7 7 11 11 8 11 11 11 8 11 8 8 8 11 11 ]
[ 7 11 11 11 11 11 ]
[ 7 8 11 11 8 8 11 11 11 11 ]
[ 7 8 11 11 8 11 11 8 11 ]
[ 7 8 11 11 11 11 11 11 8 11 11 11 8 8 11 11 11 8 11 8 ]
[ 7 8 11 11 11 ]
[ 7 8 8 8 11 11 11 11 8 11 11 ]
[ 7 8 11 8 11 8 11 8 ]
[ 7 11 8 11 8 11 11 11 11 11 11 11 11 11 ]
[ 7 8 11 8 8 ]
[ 7 11 11 8 8 11 11 ]
[ 7 8 11 11 8 ]
[ 7 11 11 8 8 ]
[ 7 11 7 8 11 8 11 11 11 11 11 11 11 8 11 8 11 ]
[ 7 11 11 11 11 11 11 8 8 11 11 11 8 11 8 ]
[ 7 11 11 11 1 8 8 11 8 11 8 8 11 11 8 8 11 8 11 8 ]
[ 7 8 11 7 11 11 11 ]
[ 7 8 11 11 8 ]
[ 7 11 8 11 11 8 11 ]
[ 7 11 11 8 11 11 8 ]
[ 8 11 11 8 8 11 8 11 8 8 11 8 11 11 11 ]
[ 7 8 8 11 11 11 8 ]
[ 7 11 11 8 11 11 11 8 8 11 11 ]
[ 7 11 11 8 8 8 11 8 11 8 8 11 11 8 8 11 8 11 11 8 11 11 8 8 11 11 11 11 ]
[ 7 11 11 11 8 11 11 8 11 ]
[ 7 8 8 11 8 11 8 8 11 11 8 11 8 11 8 11 11 8 ]
[ 7 11 11 11 8 11 8 11 11 11 11 11 8 11 8 ]
[ 7 11 11 8 11 11 11 ]
[ 7 11 8 8 11 ]
[ 7 11 11 8 11 11 11 11 8 11 8 11 8 ]
[ 7 8 11 11 8 11 8 11 11 8 11 11 8 11 11 11 8 ]
[ 7 8 11 8 11 11 8 8 11 8 11 ]
[ 7 11 11 11 8 8 11 8 11 8 11 11 11 11 8 11 8 11 8 8 ]
[ 7 11 11 11 11 11 11 11 8 11 11 8 11 11 8 11 11 11 8 11 11 11 11 8 11 11 11 8 8 11 11 11 11 8 ]
[ 7 8 11 11 8 ]
[ 7 11 11 8 11 11 8 8 11 11 11 11 11 11 11 8 ]
[ 7 11 11 11 8 11 8 11 11 11 8 11 11 8 ]
[ 7 8 11 11 11 ]
[ 7 11 8 11 11 11 11 8 8 11 8 11 ]
[ 7 8 8 11 8 ]
[ 7 8 11 8 ]
[ 7 11 11 8 11 8 8 11 11 ]
[ 7 11 11 8 11 8 8 11 8 ]
[ 7 11 11 ]
[ 7 8 11 11 8 8 11 8 11 11 8 8 11 ]
[ 7 11 8 11 11 11 8 11 8 11 8 11 11 11 11 8 11 11 11 8 11 11 11 ]
[ 7 11 8 8 11 8 11 8 ]
[ 7 11 11 8 11 11 8 7 11 8 ]
[ 7 8 11 11 11 11 11 11 8 8 11 11 11 11 11 ]
[ 7 8 11 11 11 11 8 8 11 11 11 8 11 11 8 11 8 11 ]
[ 7 11 11 8 11 11 8 11 ]
[ 7 11 8 11 ]
[ 7 11 11 8 11 11 11 11 8 ]
[ 7 11 11 11 11 11 11 11 11 8 8 11 8 ]
[ 7 8 11 11 11 8 11 11 11 ]
[ 7 8 11 11 11 8 11 11 11 ]
[ 7 8 11 ]
[ 7 11 8 ]
[ 7 8 11 11 8 8 11 11 8 8 11 11 8 11 11 ]
[ 7 11 8 8 11 11 11 11 ]
[ 7 8 11 8 11 8 11 11 ]
[ 7 11 11 11 8 8 8 11 11 8 11 8 8 11 11 8 11 11 11 8 11 11 8 11 8 8 8 11 ]
[ 7 8 11 11 8 11 8 11 11 11 11 8 ]
[ 7 11 11 11 11 8 11 11 8 11 8 ]
[ 7 8 11 1 8 11 8 11 11 8 ]
[ 7 8 11 11 8 8 8 11 11 8 8 11 ]
[ 7 1 8 8 11 8 11 11 11 11 8 11 8 11 11 11 11 11 11 ]
[ 8 8 11 8 11 8 ]
[ 7 8 11 11 11 8 8 ]
[ 7 8 11 11 ]
[ 7 8 8 11 11 11 11 8 ]
[ 8 11 11 8 11 11 11 8 11 ]
[ 7 8 8 ]
[ 7 11 8 11 8 8 ]
[ 7 11 8 11 8 11 11 8 11 8 11 8 11 8 11 8 11 8 11 8 ]
[ 7 8 8 11 ]
[ 7 8 11 8 11 11 8 ]
[ 7 11 8 11 8 11 11 11 11 8 11 8 8 ]
[ 7 8 11 8 8 ]
[ 7 8 11 8 11 11 8 8 11 11 11 ]
[ 7 11 11 11 11 11 8 11 11 11 ]
[ 7 11 11 8 11 11 8 ]
[ 7 8 8 8 8 11 8 11 ]
[ 7 8 8 ]
[ 7 11 8 11 ]
[ 7 11 11 ]
[ 7 8 11 11 11 ]
[ 8 11 11 ]
[ 7 11 11 11 11 8 11 8 11 11 8 11 8 11 11 11 11 8 11 11 11 8 11 11 11 11 11 11 8 11 11 11 8 11 8 ]
[ 7 8 8 11 8 8 ]
[ 7 8 11 10 8 11 8 ]
[ 7 11 8 8 8 8 11 11 8 11 ]
[ 7 8 11 11 11 11 8 11 11 8 ]
[ 7 11 11 8 8 11 11 11 ]
[ 7 8 8 8 11 8 11 11 ]
[ 7 8 8 11 8 8 11 11 11 11 8 11 ]
[ 7 11 11 8 8 ]
[ 7 11 8 ]
[ 7 11 8 ]
[ 7 11 8 8 11 8 11 11 11 8 11 8 11 11 11 11 8 8 11 11 8 ]
[ 7 8 11 ]
[ 7 8 11 11 8 11 ]
[ 7 11 11 8 8 8 11 11 8 11 ]
[ 7 8 11 11 ]
[ 7 11 8 11 11 8 11 8 11 11 11 11 11 8 ]
[ 7 8 11 11 11 11 11 8 11 11 11 11 11 11 11 8 11 11 8 11 11 11 11 8 11 ]
[ 7 11 11 6 8 ]
[ 7 11 11 11 11 11 11 8 8 11 11 8 8 ]
[ 7 11 8 8 11 8 11 11 ]
[ 7 11 11 8 11 8 8 ]
[ 7 11 11 8 8 11 11 11 8 11 11 8 11 8 11 ]
[ 7 8 8 11 11 11 11 ]
[ 7 11 8 11 8 11 11 11 ]
[ 7 8 11 8 11 8 11 11 11 ]
[ 7 7 11 11 11 8 11 8 8 11 11 11 8 11 11 8 11 8 11 8 11 11 8 11 ]
[ 7 8 11 11 8 11 11 8 11 11 8 11 11 8 ]
[ 7 8 11 8 11 11 11 11 11 8 11 11 8 8 11 11 11 8 11 8 11 8 11 ]
[ 7 11 11 11 8 11 11 8 11 8 11 8 11 ]
[ 7 8 8 11 11 11 11 8 11 11 8 11 11 11 11 ]
[ 7 8 11 8 11 8 11 8 ]
[ 7 8 11 11 8 8 11 8 11 11 11 11 ]
[ 7 8 8 11 8 8 11 8 8 11 8 8 ]
[ 8 11 11 8 11 11 8 11 8 ]
[ 7 8 8 11 8 11 8 11 8 11 8 11 8 11 11 8 11 11 11 11 8 ]
[ 7 11 11 11 11 11 11 11 11 8 11 ]
[ 7 8 11 8 8 11 11 11 8 8 8 11 11 11 11 11 8 11 ]
[ 7 7 11 8 8 11 11 11 8 ]
[ 7 11 11 8 8 ]
[ 7 8 11 8 11 11 8 8 8 11 8 8 8 11 8 8 ]
[ 8 11 11 8 11 11 11 11 11 11 11 8 11 11 11 11 ]
[ 7 8 11 7 11 11 8 11 11 ]
[ 8 8 11 11 8 11 11 11 11 11 ]
[ 7 11 11 11 8 11 11 ]
[ 7 11 11 8 11 8 11 11 8 11 11 ]
[ 7 8 8 11 11 8 ]
[ 7 11 11 8 8 11 11 11 11 ]
[ 7 8 11 11 11 8 ]
[ 7 8 11 11 8 8 11 8 8 11 11 11 11 8 11 11 8 11 11 8 11 8 11 8 11 8 11 11 11 11 11 11 8 8 11 8 8 11 11 11 11 11 8 11 11 11 11 11 8 8 ]
[ 7 11 11 8 11 11 11 11 8 11 11 1 8 8 11 11 11 8 11 11 11 11 8 11 11 8 11 8 8 ]
[ 7 8 11 8 11 8 11 8 11 11 8 ]
[ 7 8 11 11 8 8 11 8 ]
[ 7 11 11 11 8 8 11 11 11 11 11 11 8 11 ]
[ 7 11 11 ]
[ 7 8 11 11 11 11 8 11 8 11 8 11 11 ]
[ 7 11 11 8 8 11 11 8 8 11 11 11 ]
[ 7 11 11 8 11 ]
[ 7 11 8 11 8 8 8 8 11 8 8 8 11 11 11 11 11 8 11 11 8 ]
[ 7 8 11 8 11 8 11 8 11 11 11 11 8 11 8 11 8 11 11 ]
[ 7 8 11 11 11 8 11 11 11 8 11 ]
[ 7 11 11 11 8 ]
[ 7 11 11 11 11 11 8 11 ]
[ 7 8 11 8 11 ]
[ 7 11 11 11 8 ]
[ 7 8 11 11 11 8 8 11 8 11 8 11 11 11 11 8 11 8 11 8 8 ]
[ 7 8 11 11 11 8 11 11 ]
[ 7 11 8 8 11 11 8 11 11 11 8 11 11 ]
[ 7 8 8 ]
[ 7 8 8 11 8 8 ]
[ 7 8 8 8 11 11 ]
[ 7 11 8 11 8 11 11 11 8 11 11 8 ]
[ 7 8 11 8 8 11 11 8 ]
[ 7 11 8 11 8 11 11 8 11 11 8 8 11 11 11 11 11 8 ]
[ 7 11 11 8 11 11 ]
[ 7 8 11 ]
[ 7 11 11 11 8 8 8 ]
[ 8 11 8 8 ]
[ 7 11 11 11 8 8 ]
[ 7 8 11 11 11 8 11 11 8 ]
[ 7 11 11 8 11 11 ]
[ 7 11 11 11 11 8 ]
[ 7 11 11 8 11 11 ]
[ 7 11 11 8 11 11 11 8 11 11 8 8 ]
[ 7 11 11 8 ]
[ 7 11 11 11 11 ]
[ 7 11 11 11 8 11 11 11 11 11 11 11 11 2 11 2 11 11 11 ]
[ 7 8 11 11 11 11 8 8 11 11 11 11 11 8 11 11 11 11 11 11 8 ]
[ 7 8 8 ]
[ 7 11 8 8 11 8 11 ]
[ 7 11 8 11 11 11 11 11 11 ]
[ 7 11 8 11 8 11 11 11 11 8 11 11 8 11 11 8 11 11 11 ]
[ 7 11 11 11 11 ]
[ 7 11 8 11 11 11 11 8 11 8 ]
[ 7 8 11 11 8 11 11 8 11 ]
[ 7 8 11 11 11 8 11 8 11 11 8 8 11 11 ]
[ 7 11 8 ]
[ 7 11 11 8 ]
[ 7 8 11 8 8 8 8 11 ]
[ 7 11 11 11 8 11 8 ]
[ 7 11 8 11 11 11 8 11 11 ]
[ 7 8 8 ]
[ 8 11 8 ]
[ 8 11 11 11 11 11 11 2 11 8 8 11 11 11 2 11 8 11 11 ]
[ 7 8 11 8 11 11 11 11 11 11 8 11 8 11 8 11 8 11 11 8 11 ]
[ 7 8 11 ]
[ 7 11 11 11 11 8 11 11 8 ]
[ 7 8 11 11 8 8 11 11 8 8 11 11 11 11 11 11 11 11 8 8 11 ]
[ 7 8 11 11 11 8 11 8 11 11 11 11 8 8 11 11 11 11 8 8 11 11 8 11 11 8 11 8 11 11 11 11 11 11 8 ]
[ 7 1 1 8 8 ]
[ 7 11 11 8 11 11 11 8 8 11 8 8 11 11 11 8 11 11 11 11 11 11 8 11 11 8 8 11 8 8 ]
[ 7 8 11 11 8 11 11 ]
[ 7 8 11 11 8 11 ]
[ 7 11 11 11 11 11 11 8 11 8 11 11 11 ]
[ 7 11 11 11 11 8 11 11 11 11 11 ]
[ 8 11 11 8 11 8 ]
[ 7 8 11 11 11 8 11 11 8 11 ]
[ 7 11 8 11 11 11 8 6 ]
[ 8 11 11 11 8 11 11 11 11 8 ]
[ 7 8 11 11 8 8 11 8 11 11 ]
[ 7 8 11 11 11 8 11 8 11 8 ]
[ 7 8 11 7 6 11 8 11 11 8 11 8 ]
[ 7 8 8 8 11 8 11 8 11 8 11 11 8 11 8 11 8 11 11 11 ]
[ 7 11 8 11 8 8 8 11 11 ]
[ 7 11 11 7 11 11 7 11 ]
[ 7 11 11 11 11 11 11 11 8 11 11 11 8 8 11 11 11 8 11 11 8 ]
[ 7 8 11 8 11 11 11 11 11 11 11 11 ]
[ 7 8 11 11 11 11 11 11 ]
[ 7 8 8 11 8 11 8 ]
[ 7 11 11 11 8 8 8 11 11 8 11 8 8 11 11 8 11 11 11 8 11 11 8 11 8 8 11 ]
[ 7 8 8 11 8 8 11 11 11 ]
[ 7 8 8 8 11 ]
[ 7 8 8 11 ]
[ 7 11 11 ]
[ 7 11 11 11 11 8 11 11 11 ]
[ 7 11 11 11 11 8 11 8 11 11 8 11 11 8 11 11 ]
[ 7 8 8 ]
[ 7 8 11 8 ]
[ 7 11 8 11 11 8 ]
[ 7 11 8 8 11 11 11 11 8 11 11 11 11 ]
[ 7 8 11 11 11 11 11 8 11 ]
[ 7 8 8 11 8 8 11 8 ]
[ 7 8 11 11 8 8 ]
[ 7 8 11 ]
[ 7 11 11 11 11 8 11 8 11 11 11 8 11 ]
[ 7 8 11 8 11 11 11 11 11 11 11 8 11 11 11 ]
[ 7 8 11 11 11 11 8 11 11 11 8 11 11 11 11 11 ]
[ 7 8 11 ]
[ 7 8 11 11 8 11 ]
[ 7 8 11 11 8 8 8 11 11 11 8 ]
[ 7 11 11 11 8 ]
[ 7 8 11 11 8 11 11 ]
[ 7 8 8 8 11 8 11 ]
[ 7 8 8 11 11 8 8 11 8 8 8 11 11 11 11 8 8 11 11 11 11 8 8 11 8 11 8 11 8 11 11 11 11 ]
[ 7 8 11 11 11 11 11 8 11 8 11 11 11 8 11 8 ]
[ 7 11 8 8 11 8 8 11 ]
[ 7 8 11 8 8 11 8 11 8 ]
[ 8 8 11 11 11 7 11 11 8 11 11 ]
[ 7 8 11 11 11 11 11 8 11 8 11 11 11 11 8 ]
[ 7 11 11 11 11 8 8 11 11 11 11 8 8 11 11 11 11 11 11 8 8 8 11 11 11 8 8 11 8 11 8 8 ]
[ 7 11 8 11 11 11 11 ]
[ 7 11 11 11 11 11 11 8 8 ]
[ 7 8 8 11 8 8 11 11 11 11 8 8 11 ]
[ 7 8 11 8 8 11 11 11 8 ]
[ 7 11 11 11 8 8 11 11 11 8 ]
[ 7 11 8 11 11 8 11 11 11 11 8 11 11 8 11 11 8 11 ]
[ 7 11 8 8 11 11 11 8 8 ]
[ 7 7 11 11 11 11 ]
[ 7 11 11 11 11 11 11 11 11 11 11 8 11 11 11 11 8 11 8 ]
[ 7 11 8 11 11 8 11 11 8 11 11 8 11 11 8 11 8 11 8 11 11 8 11 11 8 11 11 11 11 11 11 11 11 ]
[ 7 11 11 11 8 11 11 11 8 11 11 11 8 11 11 11 11 8 11 8 11 8 11 11 11 11 8 11 11 11 11 8 11 8 11 11 8 11 8 8 ]
[ 7 11 8 ]
[ 7 11 11 8 11 8 11 8 11 11 11 11 8 11 11 8 ]
[ 7 8 11 8 11 11 8 11 8 11 11 8 ]
[ 7 8 11 11 11 8 11 8 8 11 11 8 ]
[ 7 8 11 11 11 8 11 8 11 8 ]
[ 7 8 11 8 8 ]
[ 7 11 11 8 11 8 ]
[ 7 11 11 8 8 11 11 8 ]
[ 7 11 11 8 11 ]
[ 7 8 8 11 11 8 11 11 8 11 8 8 11 8 8 ]
[ 7 11 11 11 8 ]
[ 7 11 11 11 11 8 11 11 11 8 11 8 11 ]
[ 7 11 8 11 11 11 11 11 8 11 8 11 11 8 11 11 8 11 8 11 8 11 11 11 11 ]
[ 7 8 11 11 10 8 11 11 8 11 11 11 11 11 11 ]
[ 7 11 11 11 8 11 ]
[ 7 11 8 8 8 11 11 8 11 11 8 8 11 11 8 8 11 8 8 11 ]
[ 7 11 8 11 11 8 11 8 11 ]
[ 7 11 11 11 11 11 11 11 ]
[ 7 11 8 11 8 8 11 11 8 11 11 ]
[ 7 11 8 11 8 8 11 ]
[ 7 11 11 8 8 11 8 8 11 ]
[ 7 8 11 11 8 11 8 ]
[ 7 11 11 8 11 8 11 8 8 8 11 11 8 ]
[ 7 8 11 8 11 8 11 ]
[ 7 8 8 8 11 8 8 ]
[ 7 8 11 11 11 8 11 8 11 8 11 8 11 8 11 8 11 11 11 ]
[ 7 8 8 ]
[ 7 11 11 11 8 11 8 8 11 8 8 11 8 11 11 8 11 11 8 11 11 8 11 ]
[ 7 8 11 7 6 11 8 11 8 11 8 11 11 ]
[ 7 8 11 11 8 8 11 11 8 ]
[ 7 8 11 11 ]
[ 7 11 11 11 8 11 8 11 11 11 11 11 8 8 11 11 8 8 ]
[ 7 11 11 ]
[ 7 11 11 8 11 11 8 8 11 11 11 8 11 8 ]
[ 8 11 8 ]
[ 7 8 8 11 11 8 8 11 11 8 8 11 ]
[ 7 11 11 11 11 11 ]
[ 7 8 11 11 11 8 11 11 8 ]
[ 7 8 11 11 11 8 8 11 8 11 8 8 11 11 11 11 11 8 11 ]
[ 7 1 8 8 8 11 8 ]
[ 7 8 8 11 11 11 11 8 11 8 8 11 ]
[ 7 8 11 11 ]
[ 7 11 11 11 8 11 11 ]
[ 7 8 11 8 8 ]
[ 7 11 8 11 8 11 11 11 11 ]
[ 7 7 11 11 1 8 11 8 8 11 8 ]
[ 7 11 8 8 11 8 11 8 11 1 11 11 11 ]
[ 7 8 11 11 11 11 8 ]
[ 7 11 11 8 11 11 11 8 11 ]
[ 7 8 11 8 11 11 8 ]
[ 7 8 11 8 8 ]
[ 7 11 8 11 8 ]
[ 7 8 8 8 ]
[ 7 8 11 11 11 8 8 11 11 11 8 11 11 11 11 11 8 8 11 ]
[ 7 8 11 11 11 11 11 11 11 11 11 11 ]
[ 7 8 11 11 11 8 8 11 11 ]
[ 7 11 11 11 11 8 8 11 11 8 8 11 11 8 8 11 11 8 ]
[ 7 11 11 11 11 11 8 11 8 11 11 11 8 11 11 11 8 11 11 11 8 ]
[ 7 8 8 11 8 11 8 ]
[ 7 11 8 11 11 11 11 8 11 8 11 11 8 11 11 11 8 11 11 ]
[ 7 8 11 ]
[ 7 11 8 8 11 11 11 11 11 11 8 11 11 8 11 11 8 11 11 8 ]
[ 7 8 11 11 11 11 ]
[ 7 11 11 8 8 11 11 8 11 11 11 8 11 8 8 11 11 8 11 11 8 11 11 8 11 8 11 11 8 11 11 8 11 11 8 11 11 11 ]
[ 7 8 11 11 11 7 8 11 11 8 11 ]
[ 7 8 8 ]
[ 7 11 11 8 11 11 8 8 8 11 11 11 11 ]
[ 11 11 11 8 ]
[ 7 8 8 11 8 11 11 ]
[ 7 8 11 11 8 11 11 11 11 11 8 11 8 ]
[ 7 8 11 8 11 11 8 11 11 ]
[ 7 7 11 11 11 8 8 ]
[ 7 11 8 11 11 11 ]
[ 7 11 11 11 8 11 11 11 8 8 ]
[ 7 8 11 8 11 11 1 8 11 11 8 ]
[ 7 8 11 11 11 8 11 ]
[ 7 8 11 11 11 11 11 8 ]
[ 7 11 8 11 8 11 11 ]
[ 7 8 11 11 8 11 11 ]
[ 7 8 11 ]
[ 7 11 11 8 8 11 8 8 8 ]
[ 7 11 8 8 11 11 11 8 11 8 11 8 11 11 ]
[ 7 8 11 8 11 11 8 8 11 11 11 8 11 8 11 11 8 8 11 11 ]
[ 7 8 8 8 11 8 11 ]
[ 7 11 8 8 11 11 11 11 11 11 8 11 11 8 11 11 8 11 11 8 11 11 8 11 11 11 11 ]
[ 7 8 11 11 11 8 11 8 11 11 11 11 8 8 11 ]
[ 7 11 11 8 11 8 11 8 11 8 11 ]
[ 7 8 11 11 11 8 8 11 11 11 11 ]
[ 7 11 11 8 8 ]
[ 7 11 11 1 8 8 11 8 11 8 ]
[ 7 11 11 11 11 11 8 11 11 11 11 11 11 8 ]
[ 7 11 8 11 11 11 11 11 8 11 8 8 ]
[ 7 8 11 8 11 8 8 ]
[ 8 11 11 11 11 8 8 ]
[ 7 8 11 1 8 8 8 11 11 ]
[ 7 8 8 ]
[ 7 11 8 8 11 8 11 ]
[ 7 11 11 11 11 11 11 8 11 11 8 ]
[ 7 11 11 ]
[ 7 11 8 8 8 11 11 ]
[ 7 11 11 8 8 8 11 11 8 11 8 11 ]
[ 7 11 8 11 11 8 11 11 8 8 ]
[ 7 11 8 8 11 ]
[ 8 11 8 ]
[ 7 8 11 6 8 11 8 11 11 8 11 11 8 11 11 11 11 11 8 ]
[ 7 8 8 8 11 ]
[ 7 7 11 11 11 8 8 ]
[ 7 11 11 11 8 11 11 11 11 11 8 11 8 ]
[ 7 8 11 11 8 11 11 11 11 11 11 11 ]
[ 7 8 11 11 8 11 11 11 11 11 8 11 11 8 11 11 8 11 ]
[ 7 8 11 11 8 ]
[ 7 11 11 8 8 11 8 11 11 8 11 8 8 11 8 8 11 8 8 11 11 8 11 8 8 ]
[ 8 11 11 11 11 ]
[ 7 8 11 11 8 11 8 11 11 ]
[ 7 11 8 8 11 8 11 11 8 ]
[ 7 8 11 8 11 8 11 11 11 11 11 11 11 11 11 ]
[ 7 11 8 8 11 11 8 11 8 11 8 11 11 11 11 11 8 11 11 11 8 8 11 11 8 11 11 11 11 8 11 ]
[ 7 11 8 11 8 11 8 ]
[ 7 11 11 11 11 11 11 11 11 ]
[ 7 11 11 8 ]
[ 7 8 11 11 8 11 11 11 ]
[ 7 8 11 8 8 11 8 8 ]
[ 7 11 8 11 11 11 8 11 8 ]
[ 7 8 11 11 8 11 8 11 11 11 ]
[ 7 8 11 11 11 11 8 11 11 8 11 11 8 8 11 8 ]
[ 7 11 8 11 11 8 11 8 ]
[ 7 8 11 11 8 11 8 8 11 8 11 11 11 8 11 ]
[ 7 8 11 11 8 11 8 ]
[ 7 8 11 11 11 11 11 ]
[ 7 8 8 ]
[ 7 11 8 8 11 11 8 8 8 11 11 8 11 8 8 11 11 8 11 11 ]
[ 7 8 11 11 11 8 ]
[ 7 8 11 8 11 ]
[ 7 11 11 8 11 11 11 11 8 11 11 8 11 11 8 11 11 8 11 ]
[ 7 11 11 8 11 8 11 11 11 11 11 ]
[ 7 11 11 8 11 11 11 8 8 11 11 8 8 11 8 8 8 11 11 11 11 8 8 11 11 11 11 8 8 11 8 11 8 11 8 11 11 11 11 ]
[ 7 11 11 11 ]
[ 7 8 8 11 11 11 8 11 11 8 11 ]
[ 7 11 8 11 11 11 11 8 8 8 ]
[ 7 11 11 8 8 11 ]
[ 7 11 8 8 11 11 11 11 11 11 ]
[ 8 11 11 11 11 11 11 11 11 8 11 11 11 8 11 11 11 11 11 8 8 11 11 11 11 11 ]
[ 7 8 8 8 11 8 11 11 11 11 11 11 11 8 8 11 ]
[ 7 11 8 11 8 11 8 11 11 8 11 11 11 ]
[ 7 11 11 8 11 11 11 11 11 ]
[ 8 11 11 11 11 8 11 8 11 11 8 11 11 11 8 8 11 11 8 8 ]
[ 7 11 11 11 11 11 11 11 8 8 11 11 11 8 11 11 11 11 8 8 ]
[ 7 11 11 11 11 8 ]
[ 7 8 11 11 11 8 11 11 11 8 11 11 8 11 11 11 8 11 11 8 8 ]
[ 7 8 8 11 8 8 11 ]
[ 7 8 8 11 11 11 8 ]
[ 7 8 11 11 11 8 11 11 ]
[ 7 8 11 8 11 11 8 8 11 11 11 11 8 8 11 11 11 11 11 11 11 11 11 11 8 ]
[ 7 11 11 8 11 11 8 8 11 8 11 11 8 11 11 ]
[ 7 8 11 8 11 8 8 ]
[ 7 8 11 2 11 8 11 ]
[ 7 11 11 11 11 11 11 8 8 11 11 11 11 ]
[ 7 11 11 ]
[ 7 8 11 8 11 11 11 8 8 11 11 11 11 8 11 11 ]
[ 7 11 11 8 11 11 8 11 11 11 11 11 11 11 8 11 11 11 11 8 11 11 11 11 11 11 11 8 11 11 11 8 11 11 11 8 ]
[ 7 11 11 8 11 11 8 8 11 11 11 ]
[ 7 11 11 ]
[ 7 8 11 11 11 ]
[ 7 8 8 ]
[ 7 8 11 11 11 11 11 8 11 11 11 11 11 8 11 11 11 8 11 11 11 11 8 11 11 8 8 ]
[ 7 8 11 11 8 8 11 ]
[ 7 8 11 8 11 11 11 11 11 11 11 11 8 11 11 8 11 11 11 8 ]
[ 7 11 11 11 8 ]
[ 7 11 8 11 8 11 11 11 8 ]
[ 7 10 11 8 11 11 8 8 11 8 11 11 8 11 11 11 8 11 11 8 ]
[ 7 8 11 11 8 11 11 ]
[ 8 8 11 8 8 11 8 11 8 11 11 8 11 11 11 11 11 8 11 11 11 11 11 8 8 ]
[ 7 8 11 8 11 8 11 11 11 8 ]
[ 8 11 11 8 11 11 ]
[ 7 11 8 8 11 11 8 11 11 11 8 ]
[ 7 11 8 ]
[ 7 8 11 8 11 8 11 11 11 ]
[ 7 11 11 8 11 11 8 11 11 11 11 11 ]
[ 7 11 11 11 11 8 11 8 11 ]
[ 7 11 11 8 11 8 11 11 8 11 11 8 11 ]
[ 7 11 11 8 11 8 11 ]
[ 7 8 11 11 8 8 11 11 11 11 11 11 11 11 8 11 11 11 11 11 11 11 8 11 8 8 11 ]
[ 7 8 8 8 11 11 11 8 11 8 11 11 11 8 ]
[ 7 8 8 11 11 11 8 ]
[ 7 11 11 8 8 11 11 11 ]
[ 7 8 11 8 11 8 8 11 11 11 8 11 11 8 11 ]
[ 7 11 11 11 11 8 11 8 8 ]
[ 8 11 11 8 8 11 8 8 11 8 11 8 11 11 8 8 11 8 8 11 8 11 11 8 8 ]
[ 7 8 8 11 8 8 11 11 11 11 8 11 11 11 11 8 11 11 11 8 8 11 8 11 11 8 11 ]
[ 7 11 8 8 11 11 8 11 8 11 11 8 11 8 8 ]
[ 7 11 11 8 11 11 11 ]
[ 7 8 8 11 8 11 ]
[ 7 8 11 11 11 11 8 11 8 11 8 11 ]
[ 7 8 11 8 8 11 11 8 ]
[ 7 11 11 8 11 11 11 11 11 8 11 8 11 ]
[ 7 8 8 ]
[ 7 8 11 8 8 11 8 11 8 8 11 11 11 ]
[ 7 1 8 8 8 8 11 11 11 8 11 11 11 ]
[ 7 11 8 11 11 11 11 ]
[ 8 8 11 11 11 8 11 11 8 11 8 11 8 8 11 8 8 11 8 11 8 11 11 8 11 11 11 8 11 11 8 ]
[ 7 8 11 7 11 11 11 11 11 11 11 11 11 8 11 11 8 11 ]
[ 7 11 8 11 11 11 8 8 11 ]
[ 7 8 11 8 11 11 11 11 8 11 8 11 8 11 8 11 8 11 8 11 8 ]
[ 7 8 11 11 8 ]
[ 7 8 11 8 11 11 11 11 8 ]
[ 7 11 8 11 8 11 11 11 ]
[ 8 11 8 11 8 11 11 11 8 11 11 8 11 11 8 11 11 ]
[ 7 11 1 8 11 11 11 11 11 8 11 8 11 8 ]
[ 7 11 11 8 8 11 11 8 11 11 1 8 8 8 11 8 11 11 11 8 8 8 ]
[ 7 8 8 8 11 11 11 11 ]
[ 7 11 8 ]
[ 7 8 11 8 8 11 11 ]
[ 7 8 11 8 11 8 11 11 ]
[ 7 11 7 8 8 11 8 11 8 11 11 ]
[ 7 8 8 11 10 8 11 11 ]
[ 7 11 11 11 11 8 11 11 8 11 11 8 11 8 11 11 11 11 11 11 11 11 8 11 8 11 11 8 8 8 11 8 8 11 11 8 11 11 ]
[ 7 11 11 11 8 ]
[ 7 11 11 8 11 11 11 11 11 11 8 ]
[ 7 8 11 8 11 8 8 11 8 8 11 11 11 8 11 11 8 ]
[ 7 8 8 8 11 11 8 ]
[ 8 11 11 8 11 8 8 11 11 11 8 8 11 11 11 8 ]
[ 7 8 11 8 8 11 11 ]
[ 7 11 11 8 8 11 11 8 11 11 11 11 11 8 11 ]
[ 7 7 11 8 11 11 11 ]
[ 7 8 8 11 11 11 8 11 8 11 8 11 11 ]
[ 8 11 11 11 11 8 11 8 ]
[ 7 8 8 8 11 11 8 ]
[ 7 8 8 8 11 11 11 11 11 8 11 8 11 ]
[ 7 8 8 11 11 ]
[ 7 8 11 8 11 ]
[ 7 11 11 8 11 11 11 8 8 11 ]
[ 7 11 11 8 11 11 11 8 ]
[ 7 8 8 11 8 8 11 11 11 ]
[ 7 11 8 11 11 8 8 11 11 8 11 11 8 11 11 8 ]
[ 7 11 11 11 ]
[ 7 8 11 11 ]
[ 7 8 11 8 11 ]
[ 7 7 11 11 11 11 8 8 11 8 11 11 ]
[ 7 11 8 8 11 11 ]
[ 7 8 8 11 11 11 11 11 11 11 8 8 8 ]
[ 7 11 11 11 8 8 8 8 11 8 11 11 11 8 11 11 ]
[ 7 11 11 8 11 11 ]
[ 7 8 11 11 8 11 11 8 11 11 11 11 11 11 11 11 11 11 11 11 8 11 11 11 8 11 11 8 11 11 8 11 11 11 11 11 8 ]
[ 7 8 11 11 11 11 8 11 8 11 11 8 11 11 11 ]
[ 7 11 11 8 11 8 11 8 11 11 11 ]
[ 7 8 11 8 8 11 11 11 11 8 8 11 8 ]
[ 7 8 8 ]
[ 7 11 11 8 8 8 11 11 11 8 11 ]
[ 7 11 11 8 11 8 8 11 11 11 11 8 11 8 11 8 ]
[ 7 11 8 ]
[ 7 8 11 8 11 8 11 11 8 11 ]
[ 7 8 11 11 11 8 11 ]
[ 7 8 11 7 11 6 11 8 11 8 11 11 11 ]
[ 7 11 11 ]
[ 7 11 11 11 8 11 8 11 11 8 11 11 11 ]
[ 7 11 11 11 8 11 11 ]
[ 7 11 8 11 11 8 11 11 8 11 11 11 11 8 11 11 ]
[ 7 11 11 11 11 11 8 11 11 8 11 11 8 11 11 8 8 8 ]
[ 7 8 11 11 11 8 11 11 8 11 8 8 ]
[ 7 8 11 11 8 8 11 8 ]
[ 7 11 11 ]
[ 7 11 11 11 11 11 ]
[ 7 8 11 11 11 8 11 11 11 8 11 11 8 11 11 8 ]
[ 7 11 11 8 11 11 11 11 8 11 11 8 11 11 11 11 8 ]
[ 7 11 11 ]
[ 7 8 8 ]
[ 7 11 11 11 11 8 8 11 11 11 11 11 8 11 11 11 8 8 ]
[ 7 11 11 8 11 11 8 11 11 8 11 8 8 ]
[ 7 8 11 8 11 8 11 ]
[ 7 8 11 1 8 8 8 11 11 ]
[ 7 11 8 11 11 8 11 ]
[ 7 8 11 11 11 8 8 11 8 11 11 8 8 11 8 ]
[ 7 8 11 ]
[ 7 11 8 8 11 11 8 8 11 11 8 11 ]
[ 7 8 8 11 8 8 11 11 11 11 ]
[ 7 11 11 8 11 11 11 8 8 11 11 ]
[ 7 8 11 8 11 8 11 8 11 8 11 ]
[ 7 11 8 11 8 11 11 ]
[ 7 11 11 11 ]
[ 7 11 11 11 ]
[ 7 11 11 8 11 11 ]
[ 7 8 11 11 8 11 11 8 8 11 11 8 ]
[ 8 11 11 8 ]
[ 7 11 8 8 11 8 8 11 ]
[ 7 8 11 8 8 8 11 11 11 11 11 8 11 11 8 11 11 11 11 11 11 11 11 11 8 ]
[ 7 11 11 8 11 11 8 8 11 11 11 11 11 11 8 11 8 11 8 11 11 ]
[ 7 8 8 11 11 8 8 11 11 8 8 11 ]
[ 7 11 11 8 11 8 11 8 11 8 8 11 8 11 11 ]
[ 7 8 11 8 8 11 8 11 8 11 8 11 11 11 ]
[ 7 11 8 ]
[ 7 11 1 8 11 8 8 11 11 11 8 11 8 8 11 11 8 ]
[ 8 8 11 8 8 11 11 11 8 8 11 ]
[ 7 8 8 11 8 8 11 11 11 11 11 8 11 11 11 11 11 11 11 8 11 8 11 11 11 11 11 11 8 ]
[ 7 8 8 8 11 11 8 11 11 ]
[ 8 11 11 8 11 11 8 11 11 8 11 11 8 11 11 8 11 11 11 11 ]
[ 7 8 11 8 11 11 8 11 11 8 8 11 8 8 11 ]
[ 7 11 11 ]
[ 7 8 8 11 11 11 11 8 11 8 11 8 11 8 8 11 11 11 8 11 8 ]
[ 7 11 8 8 8 11 11 11 ]
[ 7 8 11 11 11 11 8 11 11 8 11 11 11 11 11 ]
[ 7 8 11 11 11 8 ]
[ 7 11 11 8 8 11 11 11 11 11 8 11 11 11 11 8 ]
[ 7 11 11 8 8 11 11 11 8 11 ]
[ 7 8 11 11 11 ]
[ 7 8 11 8 11 11 8 11 11 8 ]
[ 7 8 11 11 11 11 11 1 11 8 11 11 11 8 11 8 11 11 ]
[ 7 11 8 8 11 ]
[ 7 11 11 8 11 8 8 11 ]
[ 8 11 8 11 8 11 8 11 11 11 11 8 11 8 11 8 11 11 ]
[ 7 8 8 11 8 11 11 11 8 ]
[ 7 11 8 8 ]
[ 7 11 11 ]
[ 7 11 11 11 8 11 11 8 11 8 11 ]
[ 7 11 8 8 11 11 8 11 11 11 8 8 11 11 8 11 ]
[ 7 8 8 11 11 11 11 8 11 8 8 11 8 ]
[ 7 8 11 11 11 11 8 11 8 11 11 11 8 11 11 11 11 8 ]
[ 8 11 11 11 11 8 11 11 11 8 11 11 8 11 11 11 11 8 11 ]
[ 7 11 11 8 8 11 11 ]
[ 7 11 8 11 11 11 11 11 11 11 11 8 11 11 8 11 11 8 11 11 8 ]
[ 7 8 11 8 11 8 11 11 8 8 11 11 11 11 11 8 11 11 ]
[ 7 8 11 ]
[ 7 11 8 11 11 ]
[ 7 8 11 11 11 8 ]
[ 7 8 11 11 8 8 11 11 ]
[ 7 1 8 11 11 11 11 11 8 ]
[ 8 11 11 8 11 11 11 8 11 8 11 11 8 11 8 ]
[ 7 8 11 8 11 11 11 11 11 11 8 8 11 11 8 ]
[ 7 8 11 11 11 11 8 11 8 ]
[ 7 11 8 ]
[ 7 8 11 11 8 11 11 11 ]
[ 7 8 11 11 8 11 11 8 11 ]
[ 7 8 11 8 8 ]
[ 7 8 11 11 11 8 11 11 ]
[ 7 11 8 11 11 11 11 8 11 11 11 11 8 11 11 8 8 11 11 ]
[ 7 8 8 11 8 11 8 ]
[ 7 8 11 ]
[ 7 7 11 8 11 11 11 ]
[ 7 8 11 8 11 8 11 11 11 8 11 11 8 8 11 11 11 11 11 11 11 8 ]
[ 7 11 11 8 11 11 11 8 11 ]
[ 7 8 11 11 8 11 11 ]
[ 7 11 11 11 11 8 11 8 11 11 11 8 11 ]
[ 7 11 8 8 11 8 11 11 8 8 11 8 11 8 11 8 ]
[ 7 8 11 11 11 8 11 8 11 8 11 11 ]
[ 7 11 8 11 11 11 8 11 11 8 11 8 11 8 11 8 11 11 11 11 8 8 11 8 ]
[ 7 8 8 8 11 11 ]
[ 7 8 11 11 11 8 11 11 8 11 11 8 11 11 8 11 8 11 11 ]
[ 8 8 8 11 11 8 11 11 11 8 8 ]
[ 7 8 11 11 11 ]
[ 7 11 8 8 11 11 8 ]
[ 7 8 11 11 11 8 11 ]
[ 7 11 11 11 ]
[ 7 11 11 11 11 8 11 11 8 11 8 11 8 11 8 11 8 11 11 11 8 11 8 11 8 11 11 11 8 11 8 11 8 11 11 11 11 11 11 8 11 11 8 11 ]
[ 7 11 11 ]
[ 7 11 11 ]
[ 7 11 11 8 11 8 11 8 11 ]
[ 7 8 8 11 11 11 11 8 11 8 11 8 11 8 8 11 11 11 11 11 8 ]
[ 7 11 8 ]
[ 7 11 11 11 11 11 11 11 11 11 8 11 ]
[ 7 11 8 11 8 11 11 8 ]
[ 8 11 11 8 11 11 11 11 11 11 ]
[ 7 8 8 11 11 11 11 8 11 8 ]
[ 7 11 8 8 11 11 8 11 11 11 11 8 8 11 11 8 11 11 11 11 8 8 11 11 8 11 11 8 11 11 ]
[ 7 8 8 11 11 ]
[ 7 8 11 11 11 11 11 8 ]
[ 7 11 8 11 11 8 11 11 11 11 11 11 11 8 11 11 8 8 ]
[ 7 11 11 8 11 11 8 ]
[ 7 11 11 8 8 11 8 8 11 11 8 8 11 11 11 8 11 11 11 8 8 ]
[ 7 11 11 8 11 11 11 8 11 ]
[ 7 8 11 ]
[ 7 11 11 8 11 11 8 11 11 11 11 8 ]
[ 7 8 8 11 8 8 11 11 11 11 11 8 11 11 11 11 11 8 ]
[ 7 8 8 8 11 11 8 ]
[ 7 8 8 11 8 11 8 ]
[ 7 8 11 11 8 11 11 11 11 8 ]
[ 7 11 11 8 11 8 11 11 ]
[ 7 8 8 11 11 8 11 11 11 8 11 11 8 11 11 11 8 8 11 11 8 11 11 8 11 11 8 8 11 11 8 11 11 11 8 ]
[ 7 11 11 8 11 11 11 8 8 11 11 ]
[ 7 11 11 8 11 ]
[ 7 8 11 ]
[ 7 8 8 11 11 11 11 8 11 11 11 8 11 11 ]
[ 7 11 11 8 8 11 11 ]
[ 7 11 11 11 8 11 8 11 11 8 11 ]
[ 7 11 8 11 11 8 11 11 8 11 11 ]
[ 7 11 11 8 8 11 11 8 11 ]
[ 7 8 11 8 11 11 8 11 8 11 8 11 8 11 11 ]
[ 7 11 8 8 11 11 11 11 ]
[ 7 11 8 11 11 11 11 11 11 11 11 8 11 11 11 8 11 8 11 11 8 ]
[ 7 11 8 11 8 11 11 11 11 11 11 11 11 8 ]
[ 8 11 11 8 11 11 11 11 11 11 11 11 8 11 11 ]
[ 7 11 11 11 11 8 8 ]
[ 7 11 11 11 11 8 8 11 11 8 11 8 11 8 11 8 11 8 11 8 11 8 11 ]
[ 8 8 11 11 7 1 8 8 8 11 11 ]
[ 7 11 11 11 11 11 11 8 11 8 11 11 11 8 11 11 8 ]
[ 7 8 11 11 8 11 8 11 11 11 ]
[ 7 11 11 8 11 8 11 8 11 11 11 8 11 8 8 11 8 ]
[ 7 8 11 11 11 8 11 ]
[ 7 11 8 11 8 11 8 ]
[ 7 8 11 8 11 8 11 11 11 11 11 11 11 8 11 11 11 8 11 11 11 8 11 11 11 11 11 11 11 8 11 8 11 11 11 8 11 11 11 8 8 11 8 11 ]
[ 7 8 8 8 11 8 11 11 8 11 8 11 11 11 ]
[ 7 11 8 11 11 11 11 11 11 11 8 11 11 ]
[ 7 11 11 8 11 ]
[ 7 8 11 11 11 1 8 8 8 ]
[ 7 8 11 8 11 11 8 8 11 8 11 11 8 11 8 11 11 8 11 11 11 8 11 11 8 11 11 8 11 11 ]
[ 7 11 1 8 11 8 8 11 11 11 11 1 8 8 11 11 ]
[ 7 11 11 11 11 11 11 11 8 8 11 11 11 11 8 8 11 11 11 11 11 11 8 8 8 11 11 11 8 8 11 8 11 8 8 ]
[ 7 11 11 8 11 11 11 8 11 11 11 8 8 11 ]
[ 7 8 11 11 11 11 8 11 ]
[ 7 11 11 11 11 ]
[ 7 8 11 8 11 11 11 11 11 11 11 8 8 ]
[ 7 11 8 11 8 11 8 8 11 11 8 11 11 11 11 8 11 8 11 ]
[ 7 11 8 11 ]
[ 7 8 11 8 11 11 8 11 11 8 8 11 8 11 11 8 ]
[ 7 7 11 8 8 8 ]
[ 7 8 8 11 11 11 11 8 11 11 11 ]
[ 7 11 11 8 8 8 11 11 ]
[ 7 11 8 11 11 8 11 11 8 8 11 11 11 11 11 11 11 8 11 8 8 11 11 8 11 8 ]
[ 7 11 11 8 11 8 11 8 ]
[ 7 8 11 11 11 11 11 11 11 11 11 11 8 11 ]
[ 7 8 8 11 11 11 11 8 11 11 11 11 11 8 11 8 ]
[ 7 11 8 11 8 8 11 11 ]
[ 7 8 11 11 8 11 8 ]
[ 7 8 11 8 11 8 11 8 11 8 11 8 ]
[ 7 11 11 ]
[ 7 11 11 8 11 ]
[ 7 11 11 11 11 11 11 8 11 11 11 ]
[ 7 8 11 11 11 8 8 11 11 8 8 ]
[ 7 11 8 8 8 8 8 ]
[ 8 8 11 ]
[ 7 11 8 ]
[ 7 8 8 11 8 11 11 8 11 11 8 11 8 11 11 11 8 11 11 ]
[ 7 8 8 8 11 11 ]
[ 8 11 8 8 11 8 11 8 11 11 8 8 11 11 8 8 ]
[ 7 11 11 11 8 8 8 11 ]
[ 7 8 11 11 11 11 8 11 11 11 8 8 11 8 11 11 8 11 11 11 ]
[ 7 8 11 8 11 11 ]
[ 8 8 11 8 ]
[ 7 11 11 11 8 11 11 8 8 11 8 11 11 11 11 11 11 8 8 11 ]
[ 7 7 11 2 11 11 8 ]
[ 7 11 11 8 8 11 11 11 11 8 11 11 11 11 11 8 8 11 11 11 11 11 8 8 11 11 11 8 ]
[ 7 11 11 8 11 8 8 11 11 ]
[ 7 11 8 11 11 8 11 11 11 11 11 11 8 8 11 11 8 11 11 11 11 11 11 11 11 11 8 8 8 11 11 11 8 11 11 8 11 ]
[ 7 11 11 8 11 8 8 11 11 11 11 11 8 11 11 8 11 11 11 11 11 8 11 11 11 8 ]
[ 7 8 11 8 8 8 11 11 8 11 8 11 8 8 11 ]
[ 7 11 11 1 8 8 11 11 11 8 11 11 ]
[ 8 8 11 8 8 ]
[ 7 11 11 8 11 11 8 8 ]
[ 7 8 11 ]
[ 7 8 11 8 11 8 11 11 ]
[ 7 8 8 11 8 11 11 8 11 11 8 8 11 11 8 11 11 11 11 11 11 8 ]
[ 7 11 8 11 11 11 11 8 11 11 8 11 11 11 8 11 11 11 11 ]
[ 7 11 11 11 8 8 11 11 1 11 11 11 8 8 11 8 ]
[ 7 11 11 11 8 11 11 8 11 8 ]
[ 7 11 11 8 11 11 11 8 8 11 11 8 8 11 ]
[ 7 11 8 ]
[ 7 8 11 11 11 11 8 11 11 ]
[ 7 8 11 11 11 8 11 8 11 11 8 8 11 11 8 ]
[ 7 8 11 11 11 11 11 11 11 8 ]
[ 7 8 7 8 11 11 11 11 8 ]
[ 7 11 11 8 8 11 8 11 11 ]
[ 7 8 11 11 ]
[ 7 8 11 ]
[ 7 8 11 8 ]
[ 7 8 11 11 8 11 8 8 11 11 8 11 11 11 11 ]
[ 7 11 11 11 8 11 11 11 11 11 8 11 11 8 11 11 11 11 11 11 11 ]
[ 7 8 11 11 11 11 11 11 8 11 11 11 11 11 11 11 11 8 11 11 8 ]
[ 7 11 8 11 11 8 11 11 8 11 ]
[ 7 8 8 11 11 11 8 11 11 8 11 11 8 8 ]
[ 8 11 11 11 11 11 11 11 11 11 11 8 11 ]
[ 7 11 8 11 11 8 11 11 11 8 11 ]
[ 7 11 8 11 11 11 8 ]
[ 7 8 8 11 11 11 11 11 11 ]
[ 7 11 11 11 8 ]
[ 7 8 11 11 11 11 8 11 11 11 11 11 11 8 ]
[ 7 11 1 8 8 8 11 11 8 8 11 11 8 11 11 8 11 11 11 ]
[ 7 8 8 11 11 8 11 11 8 ]
[ 7 8 8 11 11 11 11 8 ]
[ 7 8 8 11 11 11 8 11 11 8 11 8 11 8 11 8 11 ]
[ 7 11 8 8 11 8 11 11 11 8 11 8 ]
[ 7 11 11 ]
[ 7 11 11 11 8 11 8 8 8 11 11 8 11 11 8 11 8 8 8 ]
[ 7 11 11 8 11 11 8 11 8 11 8 8 11 11 11 11 8 ]
[ 7 11 8 8 ]
[ 7 8 11 11 8 11 8 8 ]
[ 11 11 11 11 11 11 8 8 11 8 11 8 11 11 11 8 8 11 11 11 8 11 11 ]
[ 7 7 11 ]
[ 7 8 11 11 11 11 8 ]
[ 8 11 8 11 ]
[ 7 11 8 11 11 11 11 11 11 8 11 11 8 ]
[ 7 8 11 11 11 11 11 8 11 11 8 ]
[ 7 8 11 11 8 11 11 11 8 11 11 8 11 ]
[ 7 8 11 11 11 ]
[ 7 8 11 11 11 8 11 8 ]
[ 7 8 8 11 11 8 8 11 11 8 8 11 ]
[ 7 11 11 8 ]
[ 7 8 8 8 11 8 11 11 11 8 ]
[ 7 8 8 8 11 11 8 ]
[ 7 8 11 8 11 8 8 11 11 8 11 8 11 11 8 ]
[ 7 8 8 11 11 11 11 8 8 11 8 ]
[ 7 8 11 8 11 8 11 11 8 11 11 11 11 8 11 11 ]
[ 7 11 8 11 8 8 11 11 8 ]
[ 7 11 11 8 11 ]
[ 8 8 11 11 11 11 11 11 8 11 8 11 11 8 ]
[ 7 11 11 8 11 11 8 8 8 11 11 8 ]
[ 7 8 11 11 8 8 11 11 11 ]
[ 7 8 11 ]
[ 8 8 11 8 8 11 11 11 8 8 11 8 8 11 11 11 11 11 8 8 11 11 8 8 11 8 ]
[ 7 8 8 8 11 8 11 11 11 ]
[ 7 8 11 8 11 8 8 11 11 11 11 ]
[ 7 11 11 8 ]
[ 7 8 11 8 11 8 11 8 11 8 8 11 8 11 11 8 11 8 11 8 11 8 11 1 8 8 8 ]
[ 7 11 11 2 8 11 11 8 11 8 ]
[ 7 11 8 8 8 11 ]
[ 8 11 11 11 1 8 8 8 11 11 ]
[ 7 8 8 ]
[ 7 11 8 11 11 11 8 ]
[ 7 11 11 11 8 8 8 11 11 8 11 8 8 11 11 8 11 11 11 8 11 ]
[ 7 8 11 8 8 11 11 11 11 11 8 11 11 8 ]
[ 8 11 8 11 11 11 8 11 8 8 11 ]
[ 7 8 11 11 11 8 11 11 11 11 11 8 11 11 11 11 11 8 ]
[ 7 11 11 1 8 8 8 11 8 11 11 8 8 11 ]
[ 7 8 8 11 11 8 11 ]
[ 7 11 8 11 8 11 8 11 8 11 11 11 11 8 11 11 8 11 ]
[ 7 8 8 11 8 ]
[ 7 8 8 11 11 11 ]
[ 7 8 11 8 11 11 11 8 11 8 8 11 11 8 11 11 8 11 8 11 8 11 11 8 11 ]
[ 7 1 8 8 8 11 11 8 11 11 11 ]
[ 7 8 11 8 11 11 8 8 11 11 ]
[ 7 8 11 8 8 8 11 8 ]
[ 7 7 8 11 8 11 11 11 11 11 11 8 11 8 ]
[ 7 11 11 11 11 11 11 11 8 8 11 11 8 11 11 11 8 ]
[ 7 8 11 11 11 8 11 ]
[ 7 8 11 11 11 8 8 11 11 11 8 11 8 11 11 ]
[ 7 11 11 11 8 11 11 11 8 11 8 ]
[ 7 8 8 11 11 8 11 8 8 11 8 8 ]
[ 7 8 11 8 11 8 8 11 ]
[ 7 8 11 8 8 11 8 8 11 8 11 8 8 11 8 8 11 11 11 8 8 11 11 8 8 11 8 ]
[ 7 11 8 8 11 11 ]
[ 7 8 11 8 11 8 11 8 11 11 8 11 8 11 11 8 ]
[ 7 8 11 11 11 11 11 11 11 8 8 ]
[ 7 11 8 11 11 8 ]
[ 8 8 11 8 11 8 8 11 ]
[ 7 8 11 11 8 11 8 11 11 11 8 8 11 ]
[ 7 11 8 2 8 11 8 ]
[ 7 8 11 11 8 8 11 11 8 8 11 11 11 11 8 ]
[ 7 11 8 11 11 8 11 11 11 11 11 11 11 11 11 11 11 8 11 8 8 ]
[ 8 8 11 8 11 11 8 8 11 11 8 8 11 11 11 11 8 11 8 11 11 11 11 8 11 11 11 8 8 11 11 ]
[ 7 11 11 11 11 ]
[ 7 11 11 8 11 11 8 11 11 11 11 11 11 8 8 11 11 8 11 11 11 11 11 11 11 8 8 8 11 11 11 8 11 11 8 11 ]
[ 7 11 11 8 11 11 11 11 11 8 11 11 11 11 8 11 11 11 11 8 ]
[ 7 8 11 11 8 11 11 8 ]
[ 7 8 11 11 11 11 8 11 8 8 11 11 8 11 11 8 11 11 8 ]
[ 7 11 11 11 8 ]
[ 7 8 11 11 8 11 8 11 11 8 11 11 8 8 11 ]
[ 7 11 8 11 11 ]
[ 7 7 11 8 11 11 8 8 11 8 11 11 11 8 11 8 8 8 ]
[ 7 11 8 8 11 11 11 11 ]
[ 7 8 8 11 8 8 11 11 8 ]
[ 7 8 11 ]
[ 7 11 11 8 11 11 8 11 11 11 8 ]
[ 7 8 8 11 8 8 8 11 ]
[ 7 11 11 11 11 8 11 8 11 11 11 11 11 8 ]
[ 7 8 11 7 11 6 11 8 11 8 11 11 ]
[ 7 8 11 8 11 8 11 11 8 ]
[ 7 11 11 11 11 8 11 8 11 ]
[ 7 11 11 ]
[ 7 8 11 11 11 8 11 11 8 11 11 11 11 8 8 11 8 ]
[ 7 8 11 7 11 11 ]
[ 7 8 11 8 8 11 11 11 11 8 11 11 11 11 11 11 8 11 ]
[ 7 11 11 ]
[ 7 11 8 8 11 11 ]
[ 7 8 8 8 11 11 8 11 11 11 11 11 8 11 8 11 11 8 11 11 8 11 8 ]
[ 7 8 11 ]
[ 7 11 11 11 11 11 11 11 11 11 11 11 ]
[ 7 8 8 11 8 8 11 ]
[ 7 8 11 11 8 ]
[ 7 8 11 11 8 11 11 ]
[ 7 11 11 8 11 11 11 11 11 11 8 11 11 11 11 11 11 11 11 ]
[ 7 8 8 11 8 11 11 8 11 11 11 8 8 11 8 ]
[ 7 8 8 8 ]
[ 7 11 11 8 11 8 11 11 11 8 11 11 8 11 8 11 11 11 11 11 11 8 ]
[ 7 8 11 8 11 11 8 11 11 11 8 8 11 8 11 11 11 11 11 11 11 11 11 11 11 11 11 ]
[ 7 11 11 8 11 11 11 11 8 11 8 ]
[ 7 0 11 8 11 8 11 11 11 11 11 ]
[ 8 8 11 8 8 8 11 8 8 ]
[ 7 11 8 10 8 11 11 11 8 11 11 11 11 ]
[ 7 10 8 11 8 8 11 8 11 ]
[ 7 8 11 8 ]
[ 7 11 11 11 8 8 11 8 8 ]
[ 7 8 11 8 11 8 8 8 ]
[ 7 11 11 11 11 11 11 11 8 11 11 8 ]
[ 7 11 11 8 8 8 11 11 8 ]
[ 7 11 11 11 8 11 8 11 8 11 11 8 11 11 ]
[ 7 11 8 11 11 11 11 ]
[ 7 8 11 11 8 11 11 8 11 11 ]
[ 7 1 11 11 11 11 11 11 8 11 8 11 11 8 11 11 8 8 11 8 11 8 8 11 11 11 ]
[ 7 11 11 8 11 ]
[ 7 8 11 11 8 11 8 11 11 11 11 11 11 11 ]
[ 7 11 8 8 11 8 8 11 8 8 ]
[ 7 11 8 11 11 8 11 8 11 8 11 11 11 11 11 11 8 8 ]
[ 8 8 11 8 11 8 11 11 11 8 11 11 8 8 11 11 11 8 11 8 8 ]
[ 7 11 11 11 8 11 11 11 11 10 8 8 11 11 11 11 11 8 11 11 11 8 11 8 11 8 ]
[ 7 11 8 11 11 8 11 11 8 11 11 11 11 8 11 ]
[ 7 8 11 11 8 11 11 8 8 ]
[ 7 8 8 11 8 11 8 11 ]
[ 7 11 11 8 11 8 8 ]
[ 7 11 11 8 11 11 8 11 8 11 11 11 11 11 11 11 ]
[ 7 8 8 11 8 8 11 11 11 8 ]
[ 7 8 11 7 11 11 ]
[ 7 8 11 ]
[ 7 11 11 11 11 8 11 8 11 11 11 11 11 11 8 ]
[ 7 8 8 11 11 11 11 11 ]
[ 7 8 11 11 11 11 8 11 8 11 8 11 11 11 ]
[ 7 11 11 8 8 11 11 11 11 11 11 8 ]
[ 7 8 11 11 8 11 11 11 8 ]
[ 7 8 11 11 11 11 11 8 8 11 8 11 11 8 ]
[ 7 8 11 11 8 11 11 8 8 ]
[ 7 11 8 ]
[ 7 11 11 11 11 11 8 8 11 11 ]
[ 7 11 11 8 11 11 11 8 11 8 11 11 8 11 8 11 8 ]
[ 7 11 11 11 1 8 8 11 8 11 11 11 8 ]
[ 8 8 11 8 11 8 ]
[ 8 11 11 11 8 11 11 11 8 11 11 8 11 11 11 11 8 11 ]
[ 7 11 8 8 11 11 8 11 11 11 8 11 ]
[ 7 8 11 11 11 11 11 11 11 8 11 11 ]
[ 7 8 11 11 11 11 11 11 8 11 11 ]
[ 8 8 11 ]
[ 7 8 8 8 11 11 11 11 11 11 8 11 8 ]
[ 7 8 8 11 8 8 11 ]
[ 7 8 11 11 8 ]
[ 7 11 8 8 11 ]
[ 7 8 11 ]
[ 7 10 8 11 11 ]
[ 7 8 8 11 11 11 8 11 8 11 11 ]
[ 7 11 11 8 11 8 11 11 11 11 11 11 11 ]
[ 7 11 8 11 11 11 8 11 11 8 ]
[ 7 8 11 8 11 11 11 11 8 11 8 11 8 11 11 11 8 11 8 11 11 8 11 11 11 11 11 8 11 8 11 11 8 11 11 11 8 8 11 8 11 11 11 11 11 11 11 11 11 11 11 11 ]
[ 7 8 11 11 11 11 11 11 8 ]
[ 7 8 11 11 11 11 11 11 11 ]
[ 7 8 11 11 8 8 ]
[ 7 11 11 1 8 11 11 11 11 11 8 11 8 11 8 ]
[ 7 11 8 8 11 11 11 11 1 8 8 8 11 11 ]
[ 7 11 11 11 ]
[ 7 11 8 8 11 8 11 11 8 11 11 11 8 8 11 8 11 11 11 11 8 8 11 ]
[ 7 8 11 11 8 8 ]
[ 7 8 11 8 11 11 11 8 11 11 11 8 11 8 11 8 11 8 ]
[ 7 8 11 8 8 11 11 11 11 11 11 8 ]
[ 7 8 8 8 11 11 8 8 11 11 8 11 8 8 ]
[ 8 11 11 11 8 11 11 11 8 11 11 8 8 11 11 11 11 11 11 8 11 11 8 11 ]
[ 7 8 11 11 11 11 11 11 8 ]
[ 7 11 11 11 8 8 8 11 11 ]
[ 8 8 11 8 8 11 ]
[ 7 11 11 11 11 11 11 8 ]
[ 7 8 11 11 11 8 11 8 11 8 11 11 ]
[ 8 11 11 11 11 ]
[ 7 8 11 11 8 11 11 11 11 11 11 11 8 11 11 11 11 11 ]
[ 7 8 11 8 11 8 ]
[ 7 8 11 11 11 11 11 11 11 8 ]
[ 7 11 11 11 11 11 11 11 11 11 11 8 11 ]
[ 7 11 11 8 11 8 ]
[ 7 11 11 8 8 11 11 11 11 8 8 11 11 11 8 ]
[ 7 11 11 11 8 11 11 8 11 11 8 11 11 11 8 11 11 ]
[ 7 11 11 11 11 11 8 11 11 8 11 11 11 11 11 11 8 11 8 11 11 11 8 11 11 ]
[ 7 11 11 11 11 8 11 8 8 11 11 8 11 8 11 ]
[ 7 8 11 11 8 8 11 11 11 8 ]
[ 7 8 11 11 11 8 11 8 8 11 11 11 11 ]
[ 7 8 11 11 11 11 11 11 8 11 8 ]
[ 7 8 8 11 8 8 11 8 11 8 8 11 11 11 8 8 ]
[ 7 11 8 11 11 8 11 11 11 11 8 11 11 ]
[ 7 11 11 8 11 11 ]
[ 7 11 8 11 11 11 11 11 11 11 11 11 11 8 11 ]
[ 7 8 8 11 8 11 8 11 8 7 8 ]
[ 7 8 8 11 8 11 ]
[ 7 11 8 11 8 8 11 11 8 ]
[ 7 8 11 11 11 8 8 11 11 ]
[ 7 11 8 11 11 11 11 11 8 11 11 11 11 11 11 ]
[ 7 8 11 11 ]
[ 7 8 11 11 8 11 11 ]
[ 7 11 11 8 8 11 11 11 11 11 ]
[ 7 11 11 ]
[ 7 8 11 11 8 8 11 11 8 8 11 11 ]
[ 7 8 11 8 8 11 8 11 11 8 8 11 11 8 8 8 11 8 ]
[ 7 8 11 8 11 8 11 8 11 11 8 11 11 8 11 ]
[ 7 11 11 8 11 ]
[ 7 11 11 8 11 11 8 8 11 11 8 8 ]
[ 7 8 11 11 8 11 8 11 11 8 11 8 11 ]
[ 7 11 8 ]
[ 8 8 11 8 ]
[ 7 11 8 11 11 11 8 ]
[ 7 8 8 11 8 11 8 8 11 8 8 11 8 8 11 8 8 11 ]
[ 7 8 8 8 11 11 8 ]
[ 7 11 8 11 11 11 11 11 8 11 8 11 8 11 11 8 11 8 11 8 ]
[ 7 8 11 11 11 8 11 11 8 8 ]
[ 7 8 11 11 8 8 8 ]
[ 7 11 11 8 11 8 11 11 8 11 8 11 8 8 ]
[ 7 11 11 11 11 11 11 8 8 ]
[ 7 11 11 8 11 11 11 8 11 ]
[ 7 8 11 11 8 11 11 11 8 11 8 11 11 8 ]
[ 11 8 8 ]
[ 7 11 11 8 11 11 11 8 11 8 11 11 8 11 11 ]
[ 7 8 11 11 11 11 11 8 11 8 11 8 11 8 11 11 8 11 11 11 8 11 8 11 11 11 ]
[ 7 11 11 11 8 11 11 11 11 11 8 11 11 11 11 11 11 11 11 11 ]
[ 7 11 11 8 11 11 11 8 ]
[ 7 11 11 11 11 11 11 11 11 11 11 11 ]
[ 7 11 8 11 11 8 11 11 8 11 11 ]
[ 7 11 8 11 11 11 11 7 8 8 11 11 11 11 8 11 11 11 11 11 11 11 8 ]
[ 7 11 8 11 ]
[ 7 8 11 11 8 11 11 ]
[ 7 11 11 11 8 ]
[ 7 11 11 11 11 11 11 11 ]
[ 7 11 11 11 8 11 11 11 8 8 11 11 ]
[ 7 8 11 11 11 ]
[ 7 11 8 11 11 11 8 11 8 11 11 11 8 11 8 11 8 11 8 11 8 11 8 11 8 11 11 11 8 11 11 8 ]
[ 7 8 8 11 8 11 11 11 8 11 11 11 11 11 ]
[ 7 8 11 8 8 11 11 ]
[ 7 8 11 8 11 11 8 11 ]
[ 7 11 11 11 11 11 8 11 11 8 11 11 11 8 8 11 11 ]
[ 7 8 8 11 11 8 8 11 11 11 11 10 8 8 11 11 11 8 ]
[ 7 11 8 11 11 11 11 11 11 11 11 8 11 11 11 11 11 11 8 ]
[ 7 11 11 8 11 8 11 11 8 11 11 11 11 11 8 8 ]
[ 7 11 11 11 11 11 11 8 11 8 8 11 11 11 8 11 8 11 8 8 ]
[ 7 8 11 11 11 11 11 11 11 11 8 8 11 11 8 ]
[ 7 11 8 11 11 8 11 11 8 8 11 11 11 8 ]
[ 7 8 11 8 11 ]
[ 7 11 11 8 11 8 11 11 8 ]
[ 7 8 11 8 11 8 8 11 11 11 11 8 ]
[ 7 11 11 11 11 8 8 8 8 11 8 11 11 8 11 8 11 8 11 8 8 8 8 11 8 11 11 8 11 8 ]
[ 7 8 8 11 11 11 8 8 11 11 8 11 11 11 11 11 11 8 8 ]
[ 7 8 11 11 8 8 11 8 11 11 11 11 11 11 11 8 8 11 8 11 11 8 11 11 8 ]
[ 7 8 11 11 11 8 8 11 8 ]
[ 7 8 8 8 11 11 8 11 ]
[ 7 8 11 11 11 8 7 11 11 11 11 11 8 ]
[ 7 8 11 11 11 8 11 11 11 ]
[ 7 8 11 11 8 11 11 11 8 11 8 11 11 8 11 8 11 11 11 ]
[ 7 11 11 8 11 ]
[ 7 8 8 ]
[ 7 11 8 11 8 11 ]
[ 7 8 8 11 11 11 8 11 8 11 8 11 11 11 ]
[ 7 8 11 11 8 ]
[ 7 8 8 11 8 11 ]
[ 7 11 11 8 11 8 8 ]
[ 7 11 11 ]
[ 7 8 11 11 11 8 ]
[ 7 8 8 11 8 11 8 11 ]
[ 7 11 8 11 8 8 11 11 11 8 11 11 11 11 8 ]
[ 7 11 11 8 11 11 8 11 11 11 11 11 8 ]
[ 7 8 11 11 11 11 11 11 11 8 11 11 8 11 11 11 11 8 11 ]
[ 8 11 11 11 11 11 8 ]
[ 7 11 11 11 11 11 11 11 8 8 11 8 11 11 8 ]
[ 7 8 11 ]
[ 8 11 11 11 8 11 11 11 ]
[ 7 11 11 11 8 11 8 11 8 11 11 ]
[ 7 11 8 11 8 11 11 8 8 11 11 8 11 11 8 11 11 11 ]
[ 7 11 8 11 11 8 11 ]
[ 7 8 8 11 11 11 8 11 11 8 11 11 11 11 ]
[ 7 11 11 11 11 11 ]
[ 7 8 11 11 8 8 11 11 8 ]
[ 7 8 11 8 11 8 11 ]
[ 8 11 11 11 8 11 11 ]
[ 7 11 8 11 8 ]
[ 7 8 11 8 8 11 ]
[ 7 11 11 11 8 ]
[ 7 8 11 11 8 8 11 11 11 ]
[ 7 11 8 11 8 11 8 11 8 ]
[ 7 8 8 11 8 11 11 8 11 ]
[ 7 11 11 11 8 11 11 8 11 8 11 ]
[ 8 8 11 8 11 ]
[ 7 11 8 11 11 11 11 8 11 8 ]
[ 7 11 11 10 8 11 8 ]
[ 7 8 8 8 11 11 8 11 11 ]
[ 7 8 8 8 11 11 8 11 ]
[ 7 11 11 11 8 11 8 11 11 8 8 ]
[ 7 8 11 7 11 11 8 8 11 ]
[ 7 11 2 11 8 ]
[ 7 8 8 11 ]
[ 7 11 8 ]
[ 7 8 8 8 11 8 8 11 11 11 ]
[ 7 11 11 8 11 8 8 11 ]
[ 7 8 11 11 8 11 8 11 11 ]
[ 7 11 11 8 11 8 11 8 8 11 11 11 11 11 8 8 11 11 8 ]
[ 7 11 11 11 11 11 8 ]
[ 7 11 7 11 8 ]
[ 7 8 11 11 11 1 11 11 8 8 ]
[ 7 10 8 8 8 11 8 11 8 ]
[ 7 11 8 11 11 11 11 11 ]
[ 7 11 11 ]
[ 7 11 11 11 11 11 11 11 8 11 11 11 ]
[ 8 11 11 8 11 11 8 11 11 11 11 11 8 ]
[ 8 8 11 11 11 11 ]
[ 7 8 11 11 11 11 8 11 11 11 11 8 11 8 8 11 11 11 8 8 11 11 11 8 11 11 11 11 ]
[ 7 8 11 ]
[ 7 11 11 11 11 8 11 11 8 11 11 8 8 ]
[ 7 11 11 11 8 11 11 8 11 11 ]
[ 7 11 11 11 8 11 11 11 11 11 11 8 ]
[ 7 8 8 11 11 11 11 ]
[ 7 8 11 11 11 8 11 8 11 ]
[ 7 8 8 11 11 8 8 8 11 11 11 8 8 11 11 11 8 8 11 8 11 8 ]
[ 7 11 8 11 8 8 11 8 11 ]
[ 7 8 11 8 11 8 11 11 ]
[ 7 11 11 11 11 11 11 8 8 11 8 11 8 11 8 ]
[ 7 8 8 8 11 11 11 ]
[ 7 8 11 8 11 11 8 11 8 ]
[ 7 8 11 8 11 11 11 11 11 11 ]
[ 7 8 11 8 8 11 8 8 ]
[ 7 8 8 11 8 8 11 8 11 11 8 11 8 11 8 ]
[ 7 8 11 11 11 11 ]
[ 7 8 11 8 8 11 8 11 11 8 ]
[ 11 8 11 ]
[ 7 11 8 11 11 11 11 8 11 11 8 11 11 11 11 11 8 ]
[ 8 11 11 8 11 11 11 11 11 8 ]
[ 7 11 11 8 11 11 8 11 11 8 11 8 11 11 8 11 ]
[ 7 8 8 11 11 11 8 ]
[ 7 11 11 11 ]
[ 7 8 11 11 11 11 ]
[ 7 8 8 8 8 11 11 11 8 11 11 11 ]
[ 7 8 8 8 11 11 11 8 11 11 ]
[ 7 8 11 11 11 8 11 11 8 11 11 8 ]
[ 7 8 8 11 8 11 11 8 11 11 11 8 ]
[ 7 11 11 11 11 11 8 11 11 11 11 8 11 8 ]
[ 7 8 11 ]
[ 7 8 11 11 11 ]
[ 7 11 11 8 11 11 ]
[ 7 11 11 8 11 11 8 8 11 8 11 11 11 11 11 11 ]
[ 7 8 11 8 11 11 11 ]
[ 8 11 11 11 11 8 11 8 11 8 11 11 11 8 11 11 11 11 ]
[ 7 8 11 11 8 11 11 8 11 8 ]
[ 7 11 11 ]
[ 7 0 8 8 8 11 8 11 11 8 ]
[ 7 11 11 11 11 11 11 11 8 11 11 11 11 ]
[ 7 11 11 8 11 11 8 11 8 ]
[ 7 8 8 8 11 ]
[ 7 8 11 11 8 11 11 11 8 8 8 11 8 11 8 8 11 8 11 11 8 ]
[ 7 8 11 8 8 11 11 11 8 ]
[ 7 8 11 11 8 11 8 11 11 11 11 8 8 ]
[ 8 11 11 8 11 ]
[ 7 8 11 8 ]
[ 7 8 11 8 11 11 11 8 8 11 11 11 11 11 11 11 8 11 8 8 8 11 8 8 11 8 8 11 11 8 11 8 8 11 11 11 8 8 ]
[ 7 11 11 ]
[ 7 11 11 11 11 11 11 ]
[ 7 11 8 11 11 8 11 11 11 8 11 11 8 11 8 11 11 ]
[ 7 11 11 11 11 8 11 11 11 ]
[ 7 11 8 8 11 10 8 11 11 8 8 ]
[ 7 8 8 11 8 8 11 11 8 11 8 11 8 ]
[ 7 8 8 ]
[ 7 11 8 8 11 ]
[ 7 11 11 8 11 11 8 ]
[ 7 11 11 11 8 8 11 11 8 ]
[ 7 11 8 8 11 11 8 8 11 11 11 8 11 11 ]
[ 7 11 11 8 11 8 8 11 11 11 11 ]
[ 7 8 11 8 11 11 8 11 8 11 8 11 11 8 11 11 11 8 8 11 11 8 11 8 11 11 8 ]
[ 8 11 8 11 11 11 8 ]
[ 7 11 11 8 11 11 11 11 8 ]
[ 8 11 11 11 8 11 11 ]
[ 7 8 11 8 11 8 ]
[ 7 11 8 ]
[ 7 8 11 11 11 8 8 11 11 8 11 11 8 11 11 8 11 11 ]
[ 7 8 11 11 11 11 11 ]
[ 8 11 11 11 8 11 11 8 11 11 8 ]
[ 7 11 11 11 11 8 ]
[ 7 11 11 8 11 8 ]
[ 7 8 11 11 11 ]
[ 7 8 8 11 8 8 11 ]
[ 7 8 11 11 11 8 11 8 11 11 11 11 8 8 11 11 11 11 11 8 8 11 11 8 11 11 11 11 8 11 8 ]
[ 7 11 11 11 11 8 8 11 8 8 8 ]
[ 7 8 11 8 11 11 11 8 ]
[ 7 8 11 11 8 11 11 11 8 11 11 11 11 11 8 11 11 8 ]
[ 7 8 11 11 11 ]
[ 7 11 11 11 11 ]
[ 7 7 11 8 11 8 11 8 11 8 ]
[ 7 8 11 8 11 8 11 8 11 11 11 11 11 11 11 11 11 11 11 11 11 11 8 ]
[ 7 11 11 11 11 8 11 8 11 11 11 11 11 8 11 8 ]
[ 7 7 11 11 8 11 11 8 ]
[ 7 11 11 8 8 8 11 11 ]
[ 7 11 8 ]
[ 7 8 11 8 11 8 11 11 8 8 11 8 11 11 11 11 11 8 11 8 11 11 11 11 8 11 8 ]
[ 7 11 8 11 ]
[ 7 11 11 8 8 ]
[ 7 8 8 8 11 8 11 11 ]
[ 7 8 11 11 8 11 8 11 8 11 11 ]
[ 7 8 11 11 11 11 11 8 ]
[ 7 11 8 11 11 11 11 11 8 11 8 11 11 8 11 11 8 11 8 11 8 11 11 8 8 ]
[ 7 8 11 8 11 8 11 11 11 8 11 8 11 11 11 11 11 11 11 8 11 ]
[ 7 11 11 8 11 11 11 8 ]
[ 7 8 8 11 8 11 11 11 ]
[ 7 11 11 8 8 11 8 11 11 ]
[ 7 8 11 8 11 8 11 11 11 ]
[ 7 11 11 11 8 11 11 11 11 11 11 11 8 ]
[ 7 11 8 11 8 8 11 11 8 ]
[ 7 11 8 8 8 11 11 11 8 11 11 11 11 8 8 8 ]
[ 7 8 11 8 11 11 8 11 11 11 ]
[ 7 11 11 11 11 8 11 8 8 11 8 8 11 11 11 8 11 8 11 8 11 8 11 11 11 11 8 11 11 8 11 11 11 10 11 8 8 11 11 11 8 ]
[ 8 11 11 8 8 8 11 8 8 8 11 11 11 8 8 8 11 11 ]
[ 7 8 11 11 11 8 11 8 11 11 8 7 8 11 11 8 ]
[ 7 11 11 8 11 11 11 8 11 11 11 8 11 11 ]
[ 7 8 11 11 8 8 11 11 8 11 11 11 8 8 8 11 11 8 11 ]
[ 7 8 11 11 8 8 8 11 8 ]
[ 7 8 8 11 8 11 ]
[ 7 11 11 ]
[ 7 11 11 8 11 11 8 11 8 ]
[ 7 11 1 8 11 11 11 11 8 8 11 8 ]
[ 7 11 11 8 11 8 ]
[ 7 8 11 11 11 11 8 8 8 11 8 8 11 11 8 11 11 11 11 11 8 8 11 11 11 8 11 11 ]
[ 7 8 11 11 11 11 11 11 8 8 11 11 11 11 8 8 11 8 11 11 8 11 11 ]
[ 7 8 11 11 8 11 11 11 11 8 ]
[ 7 8 11 8 11 11 11 11 8 8 11 8 11 ]
[ 7 8 11 11 11 8 11 11 8 11 8 11 11 ]
[ 7 8 11 8 8 11 8 8 11 11 8 8 11 8 8 ]
[ 7 11 11 8 11 11 8 11 11 8 11 11 8 11 11 11 11 ]
[ 7 11 8 11 11 11 11 8 8 11 ]
[ 7 8 8 11 8 11 8 11 11 8 11 8 11 11 11 8 11 11 11 8 8 ]
[ 7 11 11 11 11 8 8 ]
[ 7 11 11 11 11 8 11 11 8 11 11 ]
[ 7 8 11 11 8 8 11 8 11 8 11 11 11 8 8 11 11 8 11 8 11 8 11 11 11 11 11 11 ]
[ 7 11 11 8 8 11 8 11 8 11 11 11 11 11 11 11 8 11 8 11 8 11 8 ]
[ 7 8 11 11 ]
[ 7 8 11 11 11 8 8 11 8 11 8 11 ]
[ 7 11 8 11 ]
[ 7 8 11 11 11 11 11 11 ]
[ 7 8 11 ]
[ 7 11 11 11 ]
[ 7 11 11 8 11 11 11 11 11 11 8 11 11 8 11 8 ]
[ 7 11 11 11 11 11 11 11 11 8 11 11 8 11 8 11 ]
[ 7 11 8 8 11 11 11 11 8 8 11 11 11 11 ]
[ 8 11 11 8 ]
[ 8 8 11 8 8 11 11 11 11 8 11 8 ]