-3.516660656787011785e+00
-4.221806007462401311e+00
-4.084476443386919620e+00
-4.117279960702767028e+00
-4.814139301829556850e+00
-4.709869402381790415e+00
-3.974819234564674453e+00
-2.090255793099186743e+00
-4.529399541399211415e+00
-4.276509405365477079e+00
-7.502713391029522505e+00
-4.026481524555031832e+00
-5.672132839792128678e+00
-4.455230169414468477e+00
-7.527106084552373844e+00
-2.385868729275451017e+00
-3.373863169713545052e+00
-4.214721230391510254e+00
-5.956362728484221769e+00
-1.924929326612539127e+00
-3.899971844457511772e+00
-1.366090499623502152e+00
-1.394567956771108008e+01
-4.045783847462232075e+00
-2.736953093052571173e+00
-4.331118787925730684e-01
-5.299390833025537262e+00
-4.187372290613427417e+00
-2.632634109529406352e+00
-2.666080443427682578e+00
-3.608034691488716028e+00
-3.769245357898378668e+00
-1.246700936435337503e+01
-1.679892975165907520e+00
-3.773254688623622899e-01
-4.663286759004999560e+00
-6.362662612510908922e+00
-2.173795298255532416e+00
-2.443122119467202147e+00
-5.199522842049650428e+00
-2.676766578545923814e+00
-3.754122386614055173e+00
-1.187089491759111937e+00
-5.647876298165818376e+00
-2.777453932162336603e+00
-1.418410509268341446e+00
-5.263920348844028929e+00
-5.103498443407406882e+00
-2.038988329328434546e+00
-5.286891924834030476e+00
-1.002429914069555927e+01
-4.691502382475150057e+00
-1.266028237983511273e+00
-8.099880121318129511e+00
-2.571095068747862200e+00
-7.553007042715859320e+00
-8.450479107212437668e+00
-3.846501472178343928e+00
-8.635408353711595542e-01
-4.618251959217339220e+00
-4.153720812306819887e+00
-2.505019395781229896e+00
-2.678272980670833192e+00
-4.365340372813473202e+00
-9.891385423348529216e+00
-7.724703061704966345e+00
-5.057038361718124264e+00
-4.563397936896410378e+00
-1.353932499494371200e+01
-3.549628536684160007e+00
-2.804713969800724627e+00
-1.234839776239541642e+01
-3.476596891329327033e+00
-4.573646273306051668e+00
-3.860369913870703051e+00
-4.374411468772097855e+00
-3.809478572171711708e+00
-4.058248348688707097e+00
-4.622652048184522577e+00
-4.662634761442352449e+00
-4.472405828015739715e+00
-3.704493834103954164e+00
-3.063947919809603793e+00
-6.774782284545051603e+00
-4.297941569116445315e+00
-2.833160621903166643e+00
-4.568448154302145348e+00
-4.013786609776163417e+00
-3.986145419338025686e+00
-2.281661050791256695e+00
-4.727645801283931526e+00
-7.451622801836656151e+00
-3.050824199725986396e+00
-2.747630771495769952e+00
-4.461018498095874030e+00
-4.406699643309199388e+00
-3.892151443426099533e+00
-1.971617293229797285e+00
-3.878875718714274168e+00
-3.445768910279305874e+00
