-4.571906662220484918e+00
-3.985268968409645840e+00
-1.682257600925563645e+00
-1.893427774997275881e+00
-3.829455897249577578e+00
-4.634204170351824636e+00
-3.393406608466604357e+00
-2.796056400439347556e+00
-3.728632903925324538e+00
-2.942948954910188153e+00
-4.243558583702465192e+00
-2.687244817750934711e+00
-2.178658610907988180e+00
-3.194309121786631067e+00
-4.015385728489047956e+00
-3.009654546873401504e+00
-3.136532230980891178e+00
-2.019038055679367005e+00
-3.243282670139814972e+00
-2.224305335514533244e+00
-2.106018987907284590e+00
-3.490557718597501857e+00
-2.462566771193977821e+00
-3.467970044356706971e+00
-3.901642310489747079e+00
-3.165177569923636192e+00
-3.108175987265214157e+00
-4.249703338202348135e+00
-3.808103578648899035e+00
-2.118449946986305843e+00
-3.810529400193185978e+00
-4.964958722252064582e+00
-2.881002195509946073e+00
-3.000712389420265858e+00
-2.078395263970923779e+00
-3.578769170439858982e+00
-1.416958284066572205e+00
-3.177321534315534546e+00
-3.942282107824349069e+00
-3.433119892019381059e+00
-3.522545096862477187e+00
-3.521937627880829424e+00
-2.077747995895115718e+00
-1.999548010811573073e+00
-2.482916025485272016e+00
-5.304091434163527019e+00
-3.730893243232449308e+00
-2.911868581780975074e+00
-4.315356871643706960e+00
-3.186793724352481316e+00
-3.234663317596008891e+00
-2.567161746642684150e+00
-4.532393580564901825e+00
-3.164560392564467861e+00
-2.914033136483535014e+00
-2.948841132170699098e+00
-2.013132383870216202e+00
-7.758309018759963482e-01
-1.495945516926863395e+00
-3.442814832394423874e+00
-1.685841659798935188e+00
-2.658059239379597649e+00
-3.573524082215081776e+00
-3.790160936090515076e+00
-2.453929195931468410e+00
-4.303978039849913451e+00
-3.497357005781958517e+00
-1.124615983847718992e+00
-3.048594881647629151e+00
-3.464197915632179381e+00
-2.093750803019843509e+00
-3.632006641955085158e+00
-1.198729944239470768e+00
-2.748515693114150338e+00
-2.315760984735415029e+00
-3.234684055324112517e+00
-3.623620096175566019e+00
-2.683592368383832305e+00
-3.435260308407066088e+00
-3.193361295274679712e+00
-3.123708943037615260e+00
-3.239488237121625147e+00
-3.801412660081465944e+00
-4.138610261640795152e+00
-2.965216741472968209e+00
-3.056830102343503164e+00
-5.164083229287809829e+00
-4.064391590511382546e+00
-3.663305305762406316e+00
-3.375758816307394383e+00
-2.192856333528301338e+00
-2.747219767657373968e+00
-4.401934542474108092e+00
-3.251641465690345179e+00
-4.023514728630671833e+00
-2.501449839174826106e+00
-4.190603210372040976e+00
-2.615832003878756140e+00
-2.820031820220197272e+00
-3.310240104361863889e+00
