-6.817562862737835960e-02
1.078290191040152390e-01
-5.558570179768692471e-02
1.814723694678004734e-02
-5.634958639355323873e-02
7.903503788249462148e-02
-5.352372684952314691e-02
-1.414096727144724917e-02
9.943575218509152769e-02
2.758245160588383427e-01
1.348171864339890204e-02
-8.042432649309504133e-03
1.229013780966540098e-01
4.500821329261787268e-02
1.676814189989436765e-01
-1.629558871305081258e-01
1.125764907056293340e-01
-4.805761093413318114e-02
1.880065888322768053e-01
-1.190429810424082635e-01
-1.330189488321409097e-01
3.196358209140203605e-02
1.331674666499694237e-01
1.663067539573750697e-01
2.759489729159884663e-01
5.297228713134710665e-02
-1.128808071510075672e-01
1.195330923238985127e-01
-9.342639799629991193e-02
9.332925903095157238e-02
2.102515272303491778e-01
-3.733902971923457742e-02
6.616814529454367877e-02
3.001431009251838700e-01
3.395463323396641919e-01
1.919268184471985619e-02
3.133374694918228832e-03
3.976190328879178337e-01
5.692842346426878197e-02
-9.070821580078052004e-02
-2.183038185830104005e-01
-5.107632501542460485e-02
-6.826172523552861970e-02
1.881106924692883264e-01
2.361109592786450259e-02
8.822634006358259784e-02
1.204678179200176398e-02
-5.537147010206566050e-02
-1.227193584014120153e-01
8.767411087934150193e-02
-5.037976669819638903e-02
-2.669645612717457331e-02
2.126558433470898957e-01
1.267043273346651344e-01
1.114040336630771171e-02
5.435543804574578114e-02
-2.714527176402678835e-02
-8.516082725942213105e-02
-2.188208180708919870e-02
-3.148839651050468202e-02
-3.037469815275279858e-02
-1.564612905858608349e-01
-5.243440322959387612e-02
-1.576460830729053963e-02
2.053154824974159215e-02
1.475189020860283654e-02
2.025748365473877821e-01
-1.025423263140366470e-01
1.273156314430824720e-01
1.380529703959524485e-03
2.928610616783055565e-01
5.919067984651702613e-02
2.056454265648898980e-02
-7.682011340706862423e-02
1.048176217067508659e-01
2.957162381345173133e-02
5.521701351541775243e-02
3.753895168028919486e-03
1.336453008944023801e-01
1.785401271235926013e-01
-5.658927581843866544e-02
9.909871174185387599e-02
6.762067925599594964e-02
1.080517914278513736e-01
-5.260267097652009810e-02
1.066668420865244521e-01
-8.892389100965679416e-02
1.480831794041382876e-01
3.736371590864696196e-03
3.988630426597661316e-02
1.584892893035893813e-01
-1.459538021633616234e-01
1.395588161444280377e-02
-3.386085793701989338e-02
-9.236557933152870353e-03
6.080689421726592075e-02
-4.879851299347767735e-02
3.353712221709097274e-02
4.227894163705420150e-02
2.439669355893029148e-02
