-8.717153213432269343e-01 -3.545463556889786094e+00 -2.677002856709550294e+00 -9.049810202962197403e-01 -9.319945088884118434e-02 -9.428270187871783115e-02 1.493926361996267715e+00 5.759337450720239282e+00 -6.184265447008938210e+00 -4.546541984398812936e-02 -9.429334998483521191e-02 7.098677805557914056e+00
7.582488398062062984e+00 -3.324804038468806566e-01 1.046151554542281703e+00 8.515536432620510965e+00 -1.018937045919920126e-01 -1.477947790427577290e-01 -4.092739015603117814e+00 -5.552262951856085316e+00 7.920050028239598028e-01 -9.443838502312927596e-02 -4.290640957546847822e+00 -3.335943003062103784e+00
-1.640358906162389774e+00 -6.890230124820166946e-01 2.252938228706309776e+00 -1.056547323911379177e+00 -9.141573386753767960e-02 -7.429490344804073887e-02 -8.059983662575824770e-01 -1.048580554196125059e+00 1.173732787085958762e+01 -5.726452758465896964e-02 -3.109198651781027500e+00 -5.357531516220778833e+00
-5.522940885043333026e+00 1.371831800072362384e+00 -2.166617031444059371e+00 4.407069018381597481e+00 -4.079572744684192842e-02 -2.560942343305317934e-02 1.637433380524246029e+00 -4.025933325425290477e+00 1.256906706964957987e+00 -8.200102000375955602e-02 2.516223454427296335e+00 6.868365315935893722e-01
-2.412570265886387233e+00 3.594653453967071144e+00 -2.051340046406369577e+00 -1.491079412194999732e+00 -1.039405225247230224e-01 -1.046757055021239613e-01 2.618874971785549288e+00 3.179668330431051793e+00 -1.168534290178940971e+01 -8.685721353072264894e-02 -2.326025272964195867e-01 8.849172111480692493e+00
4.326519327799401182e+00 -8.823055047689036812e-01 6.364371477050122294e+00 2.449913319097139830e+00 -8.335894891865999745e-02 -3.296467601516170354e-02 2.576869823642049528e+00 1.111133950307478635e+00 -1.389222383481985368e+01 -2.242878529683745015e-02 4.165721459077851740e+00 -6.167567191172891761e+00
2.459273634672144215e+00 2.184284032029533765e-02 -3.903855079467657418e-01 4.643142389212815968e-01 -8.636510107379814782e-02 -7.040572510889625546e-02 -1.143156397268754620e+00 -2.297898962304977033e+00 3.087020121804305850e-01 -4.177120858082745969e-02 -1.938564564774468701e-01 9.861637126664339892e-01
2.978392072080236375e+00 4.531213621753543919e+00 -3.666129828843294636e+00 -3.738082319983980994e+00 -6.140974478902737343e-02 -4.809049303306018458e-02 4.246868226931679757e+00 -6.218975544509280695e+00 4.748949830699518593e+00 -1.036565299754488023e-01 -2.538660686569494285e+00 -2.711639874654740989e-01
-1.190998460459145480e+00 2.991352531115424540e+00 -2.037459464104570905e+00 -9.343158186606559390e-01 -3.084112853336720347e-02 -4.418349001699363454e-02 -2.555430563319875059e+00 8.178793952499715303e+00 -8.483217962261965894e+00 -4.476399178890635988e-02 -5.215811485355657418e+00 9.374422494813224205e+00
-9.164986765730839480e+00 4.761981888775008720e+00 -3.820116365865824370e+00 -3.142406005647727429e+00 -1.252587012710890679e-01 -1.313204393895187339e-01 -3.031632477685848315e+00 -1.633260413590773119e+00 4.505583495374220426e+00 -9.699332420625070283e-02 3.582153910521581608e+00 8.317547959006892810e+00
-4.244854903946918334e+00 5.760937435427803122e-01 1.780438007866565198e-01 2.795946171087160259e+00 -6.050622650559652621e-02 -5.655318013026634089e-02 9.377582300081234168e-01 5.636231224322965083e-01 6.144114276328104474e+00 -9.981232966891753766e-02 5.727272020658826790e-01 -7.417440002340809357e+00
-9.548957745036587008e-01 -1.350436001760724647e+00 8.850543798383934124e-01 1.234737237302504065e+00 -4.128132626279320400e-02 -7.894089675151788610e-02 1.968056164190550961e+00 2.938722623461254013e+00 6.998275411633995802e+00 -2.253342216634604198e-02 5.023460383400003337e+00 -1.666128543544075313e+01
-4.314861416733063670e+00 -8.623543493831986595e+00 -2.590803644014281204e+00 8.508938683886810850e+00 -1.152608163114580003e-01 -1.319231849555080882e-01 1.870713622171856105e+00 6.074164206279930589e+00 4.160323224508365669e+00 -1.057093913611603236e-01 -7.474343676419274551e+00 2.550410149246879143e+00
6.068351092641623978e-01 -7.360758380965309877e-01 -2.747270821832082266e+00 5.879380049400929897e-02 -2.721557107452421756e-02 -6.912386412726236051e-02 -6.027737471545154824e-01 8.652212065412108188e-01 8.033303697541571697e-01 -8.795000647795253590e-02 4.051362751429901654e-01 1.448637599144867449e+00
-2.391859541348847706e+00 -1.993562286624017910e+00 4.776060595257020758e+00 -2.018681681611166567e+00 -4.021706941766432786e-02 -4.823341529569562941e-02 -1.169865664224153390e+00 6.754552452563561182e+00 6.452241346828659019e+00 -2.579256035221829529e-02 -3.892787853087701366e-01 -9.928470980009700853e+00
3.811386206947253275e+00 -5.380067435615548455e+00 1.657304244739323140e+00 -5.880938958450977694e+00 -4.994565003470985420e-02 -3.135442986767889018e-02 1.829493720099447107e-01 -1.783873175813073031e+00 2.253110862505465495e-01 -4.847879639924981832e-02 9.161728388144551261e+00 -1.820308041396599963e+00
1.089410302174040801e+01 3.042540519316750292e+00 -1.508469001713364177e+00 5.174811773407060889e-01 -6.340361829731402943e-02 -9.520736007769910192e-02 -1.739045234640355098e+00 -1.698545092865805906e+00 -1.234569273395500311e+01 -7.821450573954716323e-02 6.194090841176451701e-01 2.508159210818794893e+00
-6.401520546850209215e+00 -2.837616801388421539e+00 -2.574741068924728982e+00 9.599542271456652509e-01 -7.994890080447461522e-02 -1.070793838884660232e-01 -1.699804376264366867e+00 7.373682681487613522e+00 3.312777019519657085e+00 -1.247992169921601641e-01 -3.085418273121419031e+00 5.212977012125075582e+00
-2.907899325128535217e+00 3.416375430544842384e+00 5.095699610925411349e+00 2.714715211057872057e+00 -1.445280774915921884e-02 -8.731057181179179699e-03 -6.012531205276033797e-01 -2.556534590432102405e+00 -1.091474494590138100e+01 -2.397688384092387659e-02 2.211405083794308002e+00 3.597016011994247364e+00
-4.132538168151438374e-01 4.252738884229613880e+00 -1.175473889346587919e+00 6.799193052265497528e-01 -6.442370978395005332e-02 -4.690242373327230957e-02 -8.420361653049397432e-01 7.194078670642490994e-04 -7.131704412845703001e-01 -8.596503924354023662e-02 7.281536277031791515e-02 -1.598176034922128785e+00
5.607318272580537055e+00 2.532246997101600949e-01 -2.051119314339901134e+00 -6.072985583371814933e+00 -9.473723076026582812e-02 -1.171879452356038714e-01 -5.455867580081319446e+00 8.321070933712892526e+00 7.130358016189318748e-01 -1.093642208598807480e-01 -4.628944043232116279e+00 3.693876871398708683e+00
-3.114109865945997591e-01 -1.428254373409427069e+00 -2.121025796464090174e+00 -1.278644958345652172e-01 -1.176704529429380280e-01 -4.996865601339506302e-02 5.661332469086354652e-03 1.567690856743337191e+00 7.310648359963032306e-01 -1.177004003706904750e-01 6.730966043737517390e-01 1.377031997279826836e+00
9.406237810932145393e+00 -6.132401423195141810e+00 -5.784343300264942200e-02 -5.376216224217766460e+00 -4.435391821966816472e-02 -4.323520391610818914e-02 -9.816093639766177992e-01 -3.772648057140361111e+00 4.605254471902601843e+00 -4.973856250904436227e-02 -9.958248360334882587e-01 3.627753215671870812e+00
1.218948758069875904e+00 -9.047157711145912273e+00 5.946887202600410482e+00 -3.104376935537147553e+00 -1.056919184614313889e-01 -9.285113359412970613e-02 -1.358801760324217067e+00 -7.733434807133932054e+00 8.670928329446116578e+00 -4.154033972692686844e-02 -2.497466250661605880e+00 8.117553107069086948e+00
-2.410283729011579723e+00 -3.112982374310684808e+00 1.201451667096290477e+00 -1.240068499586157280e+00 -2.228770478929772286e-02 -9.004610908366701694e-02 7.268477252554094825e+00 2.263413516829298366e+00 -1.208433530030250935e+01 -7.174300852590163868e-02 1.161035230540795382e+01 -3.382034315446631911e+00
5.944745471702496120e-01 -1.131905838574673862e+00 -1.682023406857304337e+00 7.111937791260815322e-02 -5.453960127095509175e-02 -1.079979368673786716e-01 -2.688943744830507021e-01 -3.332368196228499557e-01 1.090026489553381994e+00 -4.236027832230734869e-02 1.851297374761455838e-01 1.643460758905893382e+00
3.654117797426735814e-01 -1.335151560671774096e+00 -2.286662043842909497e+00 2.913988934902078110e-01 -9.491134759767841378e-02 -5.073958826776354264e-02 -5.625490625160065594e-01 4.786026641273195548e-01 1.186872149878208660e+00 -8.150402008084403627e-02 3.874973726824617049e-01 1.564919904656565164e+00
-5.153511310315519900e+00 1.226213046260647088e+00 2.706682718010780420e+00 -3.684500905371175805e-01 -3.882250305421532793e-02 -2.470446585939049811e-02 2.716599431505289375e-01 3.706307083897645516e+00 8.543117874539957413e+00 -2.011141471119812923e-02 -2.414198136441470410e+00 -8.358674575288388198e+00
2.421843866518168742e+00 -8.282480737410908844e+00 -3.200982776026515264e+00 8.105918352740903998e+00 -6.075694246369170437e-02 -6.577976225622853002e-02 -6.993922241140566598e-01 3.413941848708579752e+00 -5.401930755989165611e+00 -9.829645506837596247e-02 4.676883110386283349e+00 -7.944432718729259602e-01
2.138415655555275574e+00 2.285826923524949095e+00 -4.059583131930790678e+00 1.354694555551835489e+00 -8.081128194461555114e-02 -6.251048305627293633e-02 1.475416917491839008e+00 -5.598558808418983901e+00 1.689434444430337079e+00 -9.387087597249785254e-02 -1.468959794410583442e+00 2.367887401948709503e+00
-2.617201055595787196e+00 -9.780855735203390910e-01 1.556410118685083965e+01 5.655585967953007831e+00 -1.422184796114690231e-01 -9.356031817345142332e-02 6.320136247075151203e+00 -5.911264100912698716e+00 -4.901437509647003310e+00 -1.399918998986044161e-01 -4.229637218698059087e+00 -8.639617329103431942e+00
-4.718720413450795403e-01 -2.174317128066960869e+00 4.891924519959759410e-01 -1.795520516656222032e+00 -3.027876686027744166e-02 -8.417048698981507981e-02 1.636320397847408126e+00 -1.743933037212062498e+00 1.093968821682723380e+01 -5.092703285624695930e-02 3.422060447911005276e+00 -1.021128195546357453e+01
3.813919254108124601e+00 5.705704717417071414e+00 -5.285145609910320452e+00 -4.830786533585876619e+00 -4.202711628301852159e-02 -9.305280852496396193e-02 5.501345359973192295e+00 -4.780710628008050911e+00 3.489180888474336495e+00 -3.584161237415885159e-02 -3.668032707405953996e+00 2.342386553970228491e-01
-5.578648460777244633e-01 -2.437199581180883035e-01 2.366924213896076656e-01 -7.439726013807301808e-01 -9.269899809756004805e-02 -1.470539337244946010e-01 -1.308813712802118001e+00 2.434222726806135384e+00 -7.549494828902127974e-01 -7.936285293314075673e-02 1.568813654945000913e+00 -2.636875510072063111e-01
3.036511201575064600e+00 6.344864350079578719e-01 -3.398715800066253401e+00 3.891799687667203411e-01 -5.133139335053392427e-02 -9.745220722564454374e-02 -1.539860586737492376e+00 -1.747634603026203992e+00 1.722796810290265102e+00 -8.730696180061336964e-02 -1.324021202274993314e+00 2.609375181810686062e+00
5.836940383507595698e+00 -8.533252590117094971e-02 -1.104342721204145450e+00 -3.625924676626364196e+00 -4.994362124493911120e-02 -1.604653261030398320e-02 5.699533488585556640e+00 -1.952529317109411022e-01 4.800845130427680907e+00 -7.384157783034100975e-02 -1.876294993082756157e+00 -9.294848293709671694e+00
-3.365912806491937026e+00 1.455522937306566789e+00 -3.399642957078433891e+00 -3.778663040142725471e+00 -1.000523493400642117e-01 -1.090328158218479421e-01 -1.982068207079156874e+00 1.714893367938533197e+00 2.658571546558061716e+00 -9.700415639067017093e-02 3.184802814666603421e+00 3.745950114670413278e+00
9.160372060547338213e-01 -1.470823019684004418e+00 -1.897024961285352473e+00 1.622613964995586466e-01 -6.396390207272870110e-02 -7.524041424755806284e-02 -1.910941826371405639e-01 -5.898886251992517538e-02 1.158914311303497202e+00 -1.157121898704146362e-01 3.561592949414947411e-03 1.682930351812023329e+00
-3.025288711954982612e-01 3.959690145113237136e-01 1.424657780845492328e+00 1.085035125827230607e+00 -1.232229259907346164e-01 -1.519965756904920751e-01 1.964325763062787722e+00 -1.827958748725645011e+00 3.634397000250033649e-02 -1.850328569826253933e-01 -1.316615574101399844e+00 -1.005928820018701986e+00
1.364897370189500192e+00 2.122897669305653601e+00 -2.330319084089969017e+00 4.964948722429994299e-01 -1.051445502303550578e-01 -5.244842180863307224e-02 -1.352253349228706103e+00 -9.404504037781495907e-01 5.427838205350893341e-01 -8.293796055676855294e-02 -6.738905968790117607e-01 9.338248182369706107e-01
3.512922564231376610e-01 -1.118955033613077799e+00 2.180981292817799622e-01 -3.558509813565805313e+00 -2.716808303523327028e-02 -5.873524547187478767e-02 -2.575698739334374654e+00 5.206426791963533196e-01 -8.730812786775782541e+00 -1.659824407607472102e-02 -1.501415153063394126e+00 1.666048805237143426e+01
-6.970681713720731310e+00 -6.102754312225798117e+00 -2.222314691264403841e+00 -3.569996421859309432e+00 -9.876482145303729088e-02 -7.354575242776240085e-02 -2.120255425782866521e+00 8.130406867667001602e-01 6.519156634103862036e-01 -1.185176798003433618e-01 1.696231397759312998e+01 2.877638246702078906e+00
-1.832132321495818061e+00 1.768992066303163080e+00 -2.811150163411557656e+00 -1.663952190998682301e+00 -7.584764107382621634e-02 -6.768434245792280535e-02 -1.662150994386256242e+00 -6.121658260096481952e-01 2.704792426154188689e+00 -1.131638404694123023e-01 3.248369579505935301e-01 3.989543600356669995e+00
-2.423109868428829361e-01 -8.564996086208420678e-02 2.624538909051683522e+00 -7.208108394287933152e-01 -3.086767947433260301e-02 -3.475567928881789087e-02 -1.398181335541526682e+00 -2.183667286578359068e+00 -1.316531818189674929e+01 -4.034677326767418387e-02 -7.723597717762186177e-01 1.611739920640173906e+01
-4.065007606516040539e+00 -2.610630996969153905e+00 8.540831792751354401e-01 -1.148055861581634418e-01 -3.044223053204126589e-02 -5.247830054414317352e-02 1.348639331684043707e+00 -2.497428272137971028e+00 1.083346047089722219e+01 -3.508642025411889964e-02 6.100346945119122788e-01 -4.218201892181843604e+00
2.936382811037257845e+00 7.581364240486294648e-01 -1.464592364088266041e-01 -3.382332926175648513e-01 -1.081902126876453790e-01 -1.161440485959123331e-01 -7.576885384722304995e-01 -1.556524430345970433e+00 -4.564672228462975934e-01 -1.306674851631645096e-01 -7.405663845212678842e-01 6.114307727055532382e-01
-3.314596472436849517e+00 -1.138695732743289835e+00 -1.186917338866362970e+00 -2.017113470751167981e+00 -6.888986705871540106e-02 -7.883777006059865256e-02 -3.235423662443712156e-01 -3.920445476275331576e+00 1.089576900560165562e+01 -7.269722436136211163e-02 -2.958904859639866380e+00 4.254052057690801192e+00
2.389710832976050359e+00 2.245489881060310111e+00 -1.357341179804136155e+00 -4.773971085417669791e-01 -6.529939819304526882e-02 -3.492335316109192178e-02 -1.815973529975797529e+00 -1.800581110468163049e+00 -1.019844166308399203e+01 -5.429828059763018577e-02 -2.638752429332587912e+00 1.386804360053797147e+01
3.287244767267990531e-01 -9.447410838105484432e-01 -1.936598839915937287e+00 2.501261652975417693e+00 -1.228655824556728893e-01 -1.170764460363819398e-01 -1.158048084345367768e+00 -1.326253012531235065e+00 1.389506964335765371e+00 -1.498130573923264486e-01 4.685885100551299143e-01 1.010081524873536418e+00
-6.716861963468831576e+00 1.067338953095233300e+01 1.104208088321941839e+00 5.327987544979755796e+00 -1.080276233997243818e-01 -8.888526469501861760e-02 -4.314900089690259399e+00 -5.843259947191875803e+00 8.621149769904408455e-02 -5.598654056340676699e-02 2.665832310598878596e+00 -2.687111798161688991e+00
1.502002141319474182e+00 2.910188257672418288e+00 1.637702404222947772e+00 -1.236977837382340795e+00 -8.458307288674619950e-02 -8.905972175668275259e-02 -4.566774151738705045e-01 5.570673728261326119e-01 8.653765017524392533e+00 -5.353591504526618305e-02 -1.046223079581530602e+00 -1.221957892381161770e+01
-7.356136806632783021e+00 5.357217283856806844e+00 2.441539832430901225e+00 -2.101303657041129647e+00 -7.127010555930550495e-02 -4.320947028998411293e-02 -4.579312760513516878e+00 -5.527430628372072441e+00 6.403936159647357407e+00 -7.571559808916406009e-02 2.781506309209744288e+00 2.760304993680762209e+00
-4.516993000237927269e+00 -2.128224374276379560e+00 9.718512442196065582e-01 7.480690944865385772e-01 -7.261894781085118100e-02 -8.693655929367054280e-02 -9.024024322730415104e-01 7.064693504349337516e+00 -1.019745740195558348e+01 -3.622279750549883826e-02 7.231339946234997207e+00 1.986754565818351637e+00
-6.729785999015310827e-01 -3.733995785554548696e+00 -1.723188342288830832e-01 2.127690526991252717e+00 -8.045776907347489126e-02 -3.902252135170116570e-02 1.983453239064752738e-01 6.106696530142060375e+00 -1.317295512398633583e+01 -8.139405794504175895e-02 2.716144955574363529e+00 6.738237367300386360e+00
7.313062632592056467e+00 5.606442856887233539e+00 -1.491935137192934802e+00 1.995591447891291503e+00 -6.726404219529256989e-02 -9.698637639461456239e-02 -3.256054680841902194e+00 -2.154357731659008568e+00 -5.266161976450600690e+00 -9.570234443079199405e-02 6.700583456013903927e+00 -9.132886578899290342e+00
1.656240936199978586e+00 7.312680257592525379e-01 -9.536408787434147438e-01 2.347208061283493130e+00 -5.323447143412752408e-02 -4.651559376566952869e-02 2.841555614247049277e+00 -1.342234683414836427e+00 -5.894794926399596235e+00 -2.767519478478227407e-02 4.292216353105846594e+00 -3.452106939102405292e+00
1.809906579040136743e+00 -1.598068048856947865e+00 -1.282097258675182427e+00 -5.229014131653540731e-02 -7.734834891229741549e-02 -5.072472021876303638e-02 -7.380884870918184015e-01 -1.388017543144491439e+00 2.805474645969324943e+00 -8.682143533655120593e-02 -1.324730899690449881e+00 1.808603067437335676e+00
-1.614668267343624342e+00 -1.474900697613956257e+00 -4.172327216540191314e-02 -1.800980914821624257e+00 -4.067015573030236669e-02 -2.222596955115392278e-02 -1.809321561888584284e+00 8.729599580543027093e-01 1.577954921609562255e+01 -2.815419499264387032e-02 2.906816560428231888e+00 -1.271141502724430161e+01
-7.065702404924372182e+00 5.006720177433369834e+00 -3.443925378783688540e+00 -6.674514909595442802e+00 -6.409832340712928733e-02 -1.002113322843048021e-01 6.583802715527690808e+00 5.666036266356817563e+00 6.485598002161454545e-01 -1.054407270902688321e-01 -1.914236586980906152e+00 1.389128561845196730e+00
4.695572263891400588e+00 1.047137443264268164e+01 -3.471773663047555303e+00 -3.368613651292519773e+00 -8.077753624179878633e-02 -8.819620560975359458e-02 5.766711216733283685e+00 -4.437830205297760067e+00 -1.217646416857990133e+01 -5.284141580287555345e-02 2.916675577527105379e+00 -1.762415005607154972e-01
-1.893402837892212420e-01 2.302141802512060131e+00 -7.341970881465592624e-01 4.240791922579029705e-01 -3.529922214866171998e-02 -8.942480446253454895e-02 5.180165958212761268e+00 1.310846314200702167e+01 -7.106140144730999531e+00 -8.625036388603146698e-02 -6.964799850490451583e+00 -5.847071716935841046e+00
8.541619790443042426e-01 2.064825617188286166e+00 -1.489370298560762196e+00 1.544530110073403151e+01 -1.819067073312546634e-01 -1.586779811520726835e-01 -7.187122314789094801e+00 -2.017013886665798950e+00 9.791791503130591323e-01 -1.849192631375084495e-01 -8.974469139715541388e+00 8.274494661805141815e-01
4.533189371698063574e+00 7.235873101612114056e+00 3.126229825839307086e+00 3.885126821755726212e+00 -3.980143601783316110e-02 -8.920231197890633734e-02 -6.500273643242063804e-01 -2.150060936882173035e+00 -8.647973217524105749e+00 -4.078272454305311573e-02 -1.287420597393042598e+00 -5.854722253308719537e+00
-3.233856501736224409e+00 3.642186357891370019e+00 3.587974486539396435e-01 -1.523750249151451408e+00 -1.182890933788439541e-01 -7.484388477771239390e-02 -5.521684439206095973e-01 -3.666588769366345257e+00 1.081736982160751204e+01 -7.732603595180763401e-02 -1.403901113855252403e+00 -4.230148574697714992e+00
7.664964848778267337e-01 -4.681048377564823504e+00 -4.119581508088526078e+00 -1.625479633667097801e+00 -9.409317755179362475e-02 -7.196876333417502603e-02 -3.389623144274018340e+00 -1.392527040725889953e-01 9.240937159301920722e-01 -4.878787492686353922e-02 9.974637262377342495e+00 2.652391582614893828e+00
2.531212125924468648e+00 1.904233755746647105e-01 2.414251954091225727e+00 -2.943197746997715747e+00 -5.915327812103041150e-02 -1.061770944096688957e-01 -4.564248989301069592e+00 2.545444301922297647e+00 9.539796804629640192e+00 -1.278696527833774743e-01 -2.615256999784961955e+00 -6.838966198133150876e+00
-2.210961411915549624e-01 -4.245579784119228428e+00 1.045251994498750170e+00 6.576507139694297566e-01 -5.933004949019129309e-02 -4.096776533087246458e-02 7.466767127878672916e-01 1.332267501602158255e+01 -1.116280414571941604e+00 -8.219576377024045977e-02 -4.059472873326868125e+00 -5.980976441600465598e+00
-2.556179979531158608e+00 -6.297187389679254066e-01 1.204224268041707707e-01 -1.204669055481155659e+00 -5.456436921081049551e-02 -1.597870267413981776e-02 1.303864055164952962e+00 -6.083581181558417761e+00 -4.390296346601709310e+00 -1.990493897487209674e-02 -4.104581625062919681e-01 1.398511890027632454e+01
2.578528208837614244e+00 -2.194426093587295234e+00 -1.267943255319976537e+00 -2.929492672956912069e-01 -6.562543664890492512e-02 -1.035382388587241104e-01 -5.132381251220895224e-02 -4.465664029400238100e+00 1.352262726602198661e+01 -8.429003894719805379e-02 1.304367618662985118e+00 -8.839263812549029709e+00
9.037366687518176844e-01 -2.611030312769726081e+00 5.353757142373375411e-01 -2.396452984783167928e+00 -1.253898620783679141e-01 -8.307026493436753256e-02 -1.264806739189735962e+00 1.176930958682548756e+01 2.347071108947480056e+00 -1.042969635266833978e-01 -1.752423355313221132e+00 -7.150833498473319061e+00
3.505816458675927727e-01 -1.544615409622313029e+00 5.699641252759916066e-01 -2.613721248135910891e+00 -1.925411682198164068e-02 -2.229818782554604528e-02 -8.789314619388266525e-01 9.280119773988129150e-01 1.280082908239774042e+01 -2.300838247717455418e-02 -1.522429586616838471e+00 -7.965186672375106802e+00
-1.190863561300478990e+00 4.964385211875979032e+00 -6.475535338049849265e-01 -1.203908244245152748e+00 -7.343470829948148260e-02 -2.714039073925163248e-02 -1.902983881250301268e+00 -4.336258208986447649e+00 -5.354997998381601398e+00 -2.140428967223349452e-02 -6.750107083603504865e-01 1.047532242636228972e+01
-9.486304528250497636e-01 7.744398111624780867e+00 -1.316512835214261878e+00 -2.453846807183443168e+00 -8.720385038368277941e-02 -8.098818730145004863e-02 -2.178954105115399997e+00 -5.607235528662673829e+00 1.287560246241543105e+01 -9.129292360617910496e-02 -1.412075410338796688e+00 -6.431670067799710289e+00
-5.291353699443822833e+00 2.302194386699109252e+00 6.588888081072332703e-01 -1.429774896323947830e+00 -1.216717706805683225e-02 -4.761226141733076317e-02 2.544290989297819383e+00 3.391690120760065819e-01 -9.639777616776280311e+00 -1.934468702438974300e-02 -1.430598644411661402e+00 1.206175047922260113e+01
4.863081488069881386e-01 -1.589739478102868642e+00 -3.171706602305312650e+00 1.341539964086046366e+00 -1.071617553358472641e-01 -7.438010758530005928e-02 -1.414382290839333312e+00 -1.276950251574163753e+00 1.578808825538825289e+00 -5.827723319961239379e-02 2.222674730249461827e+00 2.088863904880323474e+00
-4.803728574181355127e-01 -6.858017942918298582e-01 -1.727466926617865495e+00 -3.804205546623729006e-02 -4.361544082627839825e-02 -1.201923624994085671e-01 3.111365388666646470e-01 2.008627015675452210e+00 2.799180982440058196e-01 -4.838758652600391730e-02 -1.365028930159508935e-01 5.250434535341430564e-01
-3.078688919348181230e+00 2.931665091710891957e+00 -2.810630388507971311e+00 4.351582867074428762e+00 -5.492046430243506527e-02 -3.406941784138828311e-02 7.062439388329487144e+00 -8.209839753820864061e+00 -7.413460611092896002e+00 -2.371520586872013711e-02 1.977139338738725494e+00 5.367146381345861528e+00
-2.969408645601033125e+00 -5.463570225533360691e+00 8.021508825600375259e-01 -4.662826837967328331e+00 -1.242442793816424806e-01 -1.133781128436304880e-01 -3.663857592167933941e-01 -5.384833693702145041e+00 9.697252425024892375e+00 -1.105072275407496252e-01 -3.017819833868705004e+00 1.159021263339438512e+01
-1.196031737327200722e-01 -9.713980331648413014e-01 -1.409242441020526870e+00 5.350593379920133286e-01 -5.270025503590176214e-02 -6.127394662783500201e-02 5.610854265062052704e-02 -5.746306210639486878e-01 1.298597044620985130e+00 -2.113165548628923029e-02 -2.509330629224292009e-02 1.306242246100361104e+00
-1.209933375420267909e+00 4.759896804560821870e+00 -1.065157721933210899e+00 -8.267389002704104151e-01 -1.248398261440710269e-02 -6.734718976428449161e-03 -3.326951454367379490e+00 -4.266484401298596296e+00 -8.720506218886242777e+00 -2.326181955304053653e-02 2.087498695396640347e+00 1.271863697414336691e+01
2.065867981146320975e-01 -2.469126999447721627e+00 -3.903988744915426246e+00 3.991844943118492139e+00 -9.947881384315532260e-02 -9.497449647387358473e-02 -4.288791986760039698e+00 -1.057512570705519739e+00 6.642709627191226041e+00 -1.207633042932511197e-01 -6.321967946467633048e+00 7.682256690700726587e+00
7.568138511820644787e+00 -1.872470452477644098e+00 -6.599239448925474372e-02 -1.752907444756239608e+00 -7.583890135160083201e-02 -1.961778885135758224e-02 -9.213301453078616143e-01 3.468211184281400961e+00 -1.097826728976030886e+01 -6.188176526579183823e-02 1.190189576359055312e+00 3.628434594358965093e+00
1.256515138298123802e+01 -1.730273854585298032e+00 -1.520966787321112568e+00 -4.163294301181817425e-01 -5.597611377443500319e-02 -5.396019185342620927e-02 -5.352348178433603554e-01 -4.350084912868656950e+00 -3.154129880489221716e+00 -5.227803323030854460e-02 -1.094370759825231021e+00 3.865570636072382937e-01
-3.148995062717836024e+00 2.422681898061900707e+00 -1.207470293388628768e+00 1.302417500592045752e+00 -5.573262473217760471e-02 -3.254077804008032038e-02 -1.404134560411878785e-01 -2.246620727244267535e+00 1.312341766155653922e+01 -5.377578387478595956e-02 -2.786508327664335427e-01 -9.755807563573174690e+00
5.456903389433275242e-01 -5.177756995607293300e-01 -3.632834690990321747e+00 -4.745358128580601242e-01 -1.447302880949742909e-01 -1.372209111670233128e-01 -8.330935174972092794e-01 1.967279092031934296e+00 6.004935082705913363e-01 -1.472458251696538434e-01 1.645647819386678368e+00 1.151086608263933497e+00
-2.762544078853513163e+00 -1.034190917967797857e-01 1.893647028102281860e-01 4.174965711289673198e-01 -3.820006398495348621e-02 -7.862060097509529499e-02 1.969908675786800067e+00 8.396727112375232949e-01 -9.603915024978579296e-02 -6.413361735444539358e-02 -2.152314684273884116e-01 -6.260886653236809318e-02
-5.730690909983531256e+00 8.953666958341862658e-01 2.190841319918494234e-01 -2.315492818691843535e+00 -9.952563708991224445e-02 -2.524282371603853506e-02 6.233663874904250335e+00 1.271327623994258582e+00 8.099040075750330914e+00 -3.015163321111651723e-02 -1.335000591418796789e+00 -7.209276939272816875e+00
-2.745195502061088533e+00 9.728552592422794021e+00 -1.113670873525303806e+00 -5.299756851143246905e+00 -8.174320242302758610e-02 -5.813875412356604711e-02 1.651895580201662606e+00 1.057415608284266462e+01 -4.310809630255334923e+00 -8.123627010355766176e-02 -1.525069659641220543e+00 -6.725324298465398698e+00
-5.985865348989911183e+00 -2.690577686179440597e+00 -2.789821660542725734e+00 4.152462929976695527e+00 -3.085552559367035416e-02 -1.905344000684715960e-02 4.916261823019211441e+00 -2.252547722745539271e+00 6.319045559293811287e+00 -5.519004121715959110e-02 -1.827961258940028477e+00 2.081415616978584127e-01
2.815878518702928712e+00 1.899450010623563445e-01 3.415796800306897918e+00 -3.069902279788061517e+00 -2.695907322418651664e-02 -6.933699715141891651e-02 -1.957116824318864801e+00 -2.917329688768802942e+00 1.124772608883821512e+01 -3.076036163345908028e-02 2.938414814325786217e+00 -1.244239606078732940e+01
-3.235324865434448527e-01 -2.446037132336533304e+00 -8.600253781956223031e-01 -2.445418466568572313e+00 -1.099753613781174200e-01 -5.222774931237025159e-02 -1.451223127390184553e+00 -3.851250611435501625e+00 1.353762304598232902e+01 -8.079588580550021992e-02 -2.252775223834132756e+00 2.435358944160803396e-01
-3.393722952933815873e-01 -5.435868357455840849e-01 -6.789627021381178240e-01 3.404387828881226596e+00 -1.471727605200555573e-02 -7.965953408855179496e-02 -4.815409080463735059e-01 -3.745003655086494021e+00 -6.393186110560628244e+00 -8.486863151906222369e-02 9.527867729557618626e-01 7.929519867840729930e+00
1.149683931405055048e+01 -8.091773317201574889e-01 -3.562458066214945429e+00 -6.770892242872591504e-01 -9.070404649392314889e-02 -1.267832882315973464e-01 -3.844086031334591702e+00 -1.871519423581635921e+00 5.289493849263347869e+00 -1.048871616242500054e-01 -1.832908749620577371e+00 -3.825853886734191356e+00
-5.823064047218643458e-01 -2.174219911917774528e+00 -1.020521552228147000e+00 7.622411176765438385e-05 -7.987979348096957422e-02 -1.066277838654953181e-01 1.749280483403539421e-01 1.786326126340241904e+00 1.188000548959301517e+00 -7.201193633071122091e-02 -2.074200761052966691e-01 1.072834771973742551e+00
5.899061547954150830e-01 -1.381642993789715668e-01 -7.828631856037432390e-01 -2.375323172613735156e+00 -4.586247168845973554e-02 -3.042783025439754416e-02 6.754305806009915925e-01 -1.590883831531935799e+00 -3.244818955630404123e+00 -1.073478204444379969e-01 -2.798511424372286616e+00 9.924352323363551776e+00
-5.867344675723260572e+00 -3.415776749683258728e+00 1.254662057231397565e+00 -2.462089348927684274e+00 -8.048798162468555339e-02 -4.148494647148691372e-02 -5.222942269184677189e-01 8.020122280111525725e-01 5.938859429459134809e+00 -8.494728904843133754e-02 4.622214291654972662e+00 -2.012494033279724759e-01
4.043519752636036135e-01 5.375870550193311281e-01 -1.037769633878677267e+00 -1.909227517570291965e+00 -8.910413441962629355e-02 -9.718334609861495332e-02 -4.993914837082169544e-01 -5.168692928763437777e+00 -3.026851222516289130e+00 -8.994781957766805058e-02 1.131079303988848705e+00 9.836008920241733122e+00
1.307902657989838513e+00 -5.978089535300632917e+00 -6.761749290038758353e+00 1.555002916507229216e+00 -1.037405890554342069e-01 -9.591712712775748995e-02 8.261273219090778497e+00 -1.005770147539089221e+00 2.799782038060259826e+00 -6.840023972784774198e-02 -3.113748561688880478e+00 3.247461044575446820e+00
9.466539798049664611e+00 -3.467470133887419870e+00 8.096366836954862478e+00 -5.610353972778479914e+00 -1.636106994560614925e-01 -1.561168386199065783e-01 -6.168470800589474834e+00 4.003856483333057548e-01 -1.552573600514805641e+00 -1.097624210110045850e-01 -5.639058241851254927e+00 5.049899589338251005e+00
1.567610149248235718e+00 -3.863764930509442364e-01 -1.163345431825574927e+00 -3.440786292626014653e-01 -6.471723020618516675e-02 -9.449205750673927984e-02 8.484747220543732427e-01 -1.312639402896875751e+00 -1.007843346248799321e+01 -7.021566984503185838e-02 -2.447408353865646369e+00 1.346719082377758525e+01
