[ 13450 13450 7780 13450 8006 13450 13450 9809 13450 11457 13450 2930 9809 6220 6628 13450 684 ]
[ 13450 13450 13450 13450 5475 12448 11665 6615 4632 9756 13450 6911 13159 13450 8322 13450 7780 ]
[ 13450 9626 13450 5475 12448 11665 6615 4632 9756 13450 6911 13159 13450 8322 13450 7780 ]
[ 1758 9756 13450 13450 6658 10307 13450 13450 6658 10307 13450 13450 13450 13450 6658 8146 13450 9298 13450 204 12127 13195 ]
[ 2370 12127 13450 13450 8146 4324 8567 7845 13450 12127 6295 13450 2370 12127 10939 13450 10307 12127 10577 8235 ]
[ 1758 9756 13450 13450 6658 10307 13450 13450 6658 10307 4324 13450 6658 8146 13450 9298 13450 204 12127 13195 ]
[ 13450 12158 13450 11656 13450 1516 1043 13450 7510 7859 12003 13450 13450 4718 13450 13450 11984 1262 13450 13450 7302 7929 13450 13450 7511 13450 7510 7859 13450 5812 13450 ]
[ 13450 12158 13450 11656 13450 1516 1043 13450 7510 7859 12003 13450 13450 4718 13450 13450 12818 9615 13450 3228 13450 9184 13450 13450 7511 13450 7510 7859 13450 5812 13450 ]
[ 13450 7888 13450 4602 13450 7048 9954 13450 6265 2236 13450 ]
[ 13450 1971 13450 4923 11984 12555 8222 13450 13450 13450 12385 10305 13450 13450 2494 13450 13450 13191 13450 13450 4888 7097 4217 12614 13450 12609 11984 295 13450 12311 12281 13450 10703 ]
[ 3977 13450 295 13450 9795 13450 12773 13450 8222 3627 13450 10998 8872 11179 13450 13450 13450 3977 13450 7422 13450 9511 4601 5051 12138 13450 13450 ]
[ 5475 12385 13450 13450 13450 3526 8344 13450 8776 13450 4366 295 13450 13450 3526 13450 4122 4448 13450 13450 9184 ]
[ 13450 8146 13450 6076 7845 13450 4413 13450 4916 13450 13059 11923 10455 4495 ]
[ 2864 295 13450 4342 1158 13450 4342 10459 13450 4237 13450 ]
[ 13161 1715 13450 5405 10429 6803 13450 11574 13450 10771 13450 13161 1715 8323 ]
[ 5475 2370 12127 13450 4466 13450 5380 13450 4424 13450 11734 13450 13450 11861 ]
[ 11954 1015 13450 4975 13450 13450 12403 10307 4208 13450 11944 10307 1968 13450 10307 8567 2567 13450 11208 13450 11944 10307 12200 13450 11280 13450 11944 10307 10522 13450 6199 13450 1405 13450 5533 13450 8098 13450 11965 ]
[ 13450 13450 13450 13450 3123 9291 6944 6052 13450 1664 13450 12387 13450 8914 13450 10610 7514 ]
[ 4307 251 13450 13450 6343 13450 473 12897 13450 9138 2750 13450 2306 6754 ]
[ 7289 11325 13450 13450 13450 621 7289 13450 13450 9169 621 7289 1807 13450 9184 13450 621 1405 13450 13450 13450 7289 11325 ]
[ 13450 2457 6734 11577 10975 13450 7892 13450 13450 11577 13450 11577 10089 13450 1195 13450 4760 11926 3291 ]
[ 5475 13450 12138 13450 13450 10307 13450 6440 13450 5475 3370 13450 12138 13450 3370 13450 10939 4600 10455 13450 10656 7510 12138 6853 13450 10560 13450 13450 3617 13450 6911 11802 13450 13450 3370 13450 13450 11843 13450 9298 ]
[ 13450 13450 13450 11976 13450 13450 5339 5080 13450 12797 13450 1987 13450 1543 10270 10530 13450 10165 5089 13450 8004 ]
[ 3036 13450 9661 13450 11802 13450 13450 10307 13450 3120 7978 13450 658 10062 13450 5812 3617 7845 13450 11437 7302 13450 13171 688 13450 5384 13450 5995 ]
[ 1827 13450 6265 13450 13450 13450 12403 13450 3160 9042 13450 2565 13450 7888 13450 13450 12397 13450 6138 8396 6265 ]
[ 5475 13450 2727 8567 13450 12138 13450 13450 12311 10307 13450 6440 13450 5475 3370 13450 12138 13450 3370 13450 10939 13450 4600 10455 13450 10656 7510 12138 13450 10560 13450 13450 3617 13450 6911 11802 13450 13450 3370 13450 13450 11843 13450 9298 ]
[ 13450 13450 13450 9443 11325 13450 13450 677 11944 9443 13450 2354 7303 2891 12339 13450 4888 677 13450 5475 10304 4718 295 10469 13450 13450 6068 ]
[ 10232 13450 12440 1405 13450 13450 13450 1538 1405 13450 671 13450 9513 13450 4675 5709 4587 13450 13450 13450 7389 ]
[ 7780 13450 13450 7187 13450 2590 7919 13133 13450 13450 6969 7253 13450 9749 1191 2590 13450 13450 6969 13450 10727 13450 459 3096 13450 13133 7 ]
[ 7388 4586 8295 10998 8707 13450 9629 13450 13450 11926 12403 13450 5130 13450 ]
[ 13450 13171 5844 13450 6658 13450 1565 13450 13450 8809 13450 13450 13276 1971 13450 1230 3518 13133 13450 8150 13450 9184 13450 5634 7302 8147 4838 13450 4992 ]
[ 13450 5738 92 294 11734 9822 92 13450 13450 92 13450 5738 13450 ]
[ 13450 13450 12193 12646 13450 13450 4741 13450 13450 8011 4859 2979 2859 ]
[ 13450 8430 4324 8550 13450 2565 13450 3358 759 13450 10021 13450 13450 3157 4024 ]
[ 13450 13450 12609 13450 1758 13450 5510 13450 10095 11809 13450 13450 1191 8373 13450 9756 13450 1758 13450 6615 5704 930 2353 1758 ]
[ 1971 13450 2676 13450 365 13450 10436 12529 8550 3700 13450 13450 13450 6459 13450 13450 10431 462 ]
[ 3111 12176 11325 13450 3700 1152 11325 13450 8775 13450 13450 1331 13450 ]
[ 13450 18 13450 11158 9822 92 13450 13450 92 13450 5738 13450 13450 13450 13450 5738 11936 13450 12142 11496 4465 13450 1084 ]
[ 13450 11751 295 8711 8163 13450 9174 12977 4988 13450 1240 13450 13450 13450 4324 9882 7845 995 8145 12127 6469 13450 5634 12977 10062 13450 13450 13450 13171 8872 ]
[ 13450 10456 6459 3291 3526 12083 13450 8791 11926 ]
[ 13450 4507 1966 8724 13450 7096 7829 13450 4661 ]
[ 8793 162 13450 7919 13450 3533 6767 13450 11574 13450 10788 13450 13450 8793 13450 955 13450 1001 13450 11574 13450 12961 13450 7704 13450 8793 13450 6151 13450 13171 755 13450 11574 13450 13450 ]
[ 10519 6236 13450 3536 10717 9120 13450 1066 4992 5757 ]
[ 13450 13450 8876 3503 13450 1971 13450 6911 2416 13450 10482 13450 12792 13450 3959 13450 3157 13450 11802 6854 ]
[ 13450 2457 6734 11577 10975 13450 7892 13450 13450 13450 11577 3254 13450 1195 13450 4760 13450 11926 12176 6440 ]
[ 3529 9379 10026 13450 10638 9681 13450 13450 10026 13450 1954 8145 10026 13450 9622 11724 ]
[ 4385 13450 10307 6911 1405 13450 13450 7021 13450 13450 13450 10307 9184 13450 9748 295 13450 4916 1840 13450 5628 13450 1705 13450 3160 6459 11380 13450 11069 13450 13450 13450 13450 13450 1084 3160 13171 13450 1538 13450 13450 6878 3160 8556 13450 5621 13450 13450 13450 10187 13450 12901 13450 8446 13450 7783 13450 9184 13450 13450 8572 3160 10549 ]
[ 4385 13450 388 10737 13450 9169 10307 9184 13450 13450 7021 13450 11926 13450 92 13450 8436 13450 3359 ]
[ 13450 8873 13450 13450 13450 4741 13450 13450 8043 3123 9661 13450 6265 3453 3254 ]
[ 9244 11644 13450 13450 13450 13450 9120 9766 13450 3105 9822 13450 3380 13133 7315 13450 11412 3791 ]
[ 13450 13450 13450 2113 5881 13450 4385 13450 388 10737 13450 9169 10307 9184 13450 13450 7021 13450 11926 13450 92 13450 8436 13450 3359 ]
[ 13450 3537 8479 10451 2933 13450 4859 13346 13450 876 13450 9520 ]
[ 13450 2494 10880 1439 3123 12499 8490 7919 13450 2124 10998 13450 12609 13450 13450 12499 2735 7919 13450 13450 13450 9293 8940 13450 13386 13450 12499 5634 7919 13450 11984 295 13450 13450 13450 13450 10862 5176 10455 13450 ]
[ 5475 11954 13450 13450 13450 755 13450 4507 12311 12182 13450 12311 8163 13450 12281 13450 4507 13450 12311 13450 13450 13450 4718 133 ]
[ 13450 13450 8436 6793 9174 11711 6331 4988 13450 13450 7590 13450 8098 112 9848 6793 13450 13450 6658 7835 13450 10975 13450 8441 7835 11944 10307 4718 2891 13450 10561 13450 5538 10452 11128 13450 8145 8446 ]
[ 13450 13450 8338 6265 12325 13450 13450 10377 7154 5068 13450 2574 7180 13450 7888 13450 6265 13450 13450 1840 13450 6459 ]
[ 10229 13450 7928 13450 10922 2833 13450 13450 13450 12773 13450 7406 7302 8397 13450 295 ]
[ 7876 7253 13450 7919 5478 13450 10304 13450 4760 7919 13450 4760 7919 13450 10304 13450 7876 3202 13450 7919 5478 13450 10304 11280 13450 4760 7919 9710 13450 4760 7919 9710 13450 10304 11280 ]
[ 13450 13450 13450 13450 365 13450 780 2362 9178 13450 4758 4497 13450 13450 13450 13450 13450 2353 13450 12661 4497 13450 226 3687 13450 9508 11870 2574 5881 ]
[ 13450 10925 13450 13450 13450 9815 13384 6861 10601 ]
[ 13450 13450 12499 13450 2772 13450 9556 13450 4747 13450 13450 12499 9643 6057 13450 13289 10459 13450 12499 162 13450 11435 13450 13450 8282 13450 10998 ]
[ 8940 13450 7704 13450 9178 7845 13450 13450 8307 10998 13450 13450 13450 3842 13450 7704 13450 13450 13323 955 9602 13450 13323 13450 162 13450 1543 7919 13450 11944 4276 13450 13450 4309 9954 13450 13323 ]
[ 12397 13450 4466 13450 7546 13450 10026 13450 9681 13450 8098 13208 5533 13450 10137 7414 4806 ]
[ 1758 9756 13450 13450 1398 13450 5435 7389 9268 13450 1244 2781 13450 4658 13450 2077 13450 3291 13450 8436 13450 13450 6161 5475 10925 13450 13450 10656 7510 12138 13450 13450 ]
[ 5475 13450 13450 9815 13384 6861 9945 ]
[ 13450 13450 5943 11325 13450 8646 10841 5943 11423 13450 13450 677 3692 2128 13450 2943 10170 12529 1000 ]
[ 13450 13450 5740 13450 12742 13450 4040 5301 13450 10217 7223 13450 541 1807 13450 12546 13450 5301 4001 12773 13450 1270 13450 1807 13450 12546 13450 5301 8517 3777 12773 13450 13450 1270 13450 13450 541 13450 13376 ]
[ 13450 9661 13450 10659 13450 13450 13450 13450 7919 13450 13450 9640 10307 3160 9042 3254 9845 13450 13450 9063 9764 ]
[ 8793 162 13450 7919 13450 3533 6767 13450 11574 13450 10788 13450 13450 8793 13450 955 13450 1001 13450 11574 13450 12961 13450 7704 13450 8793 13450 6151 13450 13171 755 13450 11574 13450 9070 ]
[ 13450 12134 981 7296 11478 13450 13450 13450 13450 7919 9379 13450 1974 ]
[ 13450 294 13450 5160 10862 8775 3160 13171 13450 12798 13450 5881 13450 13450 3160 13171 13450 294 5199 13450 13450 13450 8446 13450 7783 13450 3160 9042 2560 13450 11130 13450 1840 13450 3160 9184 13450 5881 13450 11211 13450 4216 257 13450 7888 13450 6265 ]
[ 13450 13450 6265 1840 13450 1268 13450 12499 6259 13450 2164 13450 6658 3160 2834 13450 10648 6237 1075 13450 11588 ]
[ 13450 13450 9894 4546 13450 13450 4546 3123 8263 13450 13450 8263 13450 10862 13450 1262 13450 4888 13450 12614 13450 5634 1966 7 13450 5844 13450 13450 13450 2513 13450 10210 9448 8147 13450 5634 8340 13450 1533 4546 9269 13450 2830 801 13450 ]
[ 13450 13450 13450 9809 9102 918 13450 13450 13450 4632 1000 13450 5838 6826 11496 9169 ]
[ 13450 13450 7888 13450 11941 3370 2280 9203 13450 9522 13450 10805 11376 13450 10975 13450 13450 12977 9184 13450 13450 2672 12977 1168 13450 13450 6199 ]
[ 9042 677 7370 13450 13450 5188 11279 1461 13450 599 13450 10425 13450 2891 9269 13450 4888 8940 1966 13450 13450 13450 9793 677 2708 13151 13450 8150 13450 9184 ]
[ 8940 13450 8150 13450 9736 13450 12245 8150 8900 13450 10447 8150 13450 9622 13450 3096 3873 13450 8150 12651 13450 ]
[ 150 6372 7940 13450 12015 13450 7940 13450 12015 13450 13450 ]
[ 13450 5475 2370 12127 13450 4466 13450 5380 13450 4424 13450 10514 13450 11861 ]
[ 13450 10659 13450 13450 203 13450 12052 13450 6265 2126 13450 13450 11408 13450 388 9845 2280 6398 13450 2126 13450 8017 ]
[ 6475 3952 13450 13450 13450 11656 13450 1516 1043 11557 2401 11995 13450 13401 1818 13450 13450 924 3952 8396 13450 13450 13450 13450 ]
[ 13450 8550 13450 13450 6265 2126 13450 7921 13450 10573 4385 13450 9851 295 13450 10076 13450 13450 13450 9268 13450 4385 5957 13450 11984 9562 4385 13450 10076 4600 ]
[ 12230 13450 780 4718 1156 7780 13450 13450 1222 13450 10296 13450 13450 3971 4497 13450 13450 13450 5005 13450 13450 2574 6459 13450 1189 12055 1011 3823 13450 7064 13450 8072 ]
[ 4524 13450 12015 13450 13450 8198 13450 12239 5731 11574 ]
[ 13450 13450 13450 13450 455 7171 11110 13450 1971 12956 9743 11434 8030 13450 4923 1784 13450 8030 13439 13450 ]
[ 13450 3430 1331 13088 5475 13450 4806 13450 10134 13450 861 10217 13450 5019 13450 3536 13450 9748 4600 ]
[ 7908 5987 13450 2864 9280 13450 1971 13450 12385 13450 13450 13450 13450 13450 3986 13450 2727 4992 8035 4838 13450 12385 2864 8035 13450 10304 8035 13450 1784 8035 13450 4465 1565 ]
[ 13450 13450 3700 11027 13450 9028 11279 13450 13450 8104 3921 5292 13450 13450 4600 ]
[ 13450 13450 13450 4866 2396 8745 13450 5377 13450 388 13450 4366 9042 5290 4600 ]
[ 10934 13450 4413 6568 13450 13450 13450 13450 9661 12192 13450 8146 13450 13450 7172 6319 13450 3063 13450 11385 4413 ]
[ 13450 3527 4230 13450 12015 7753 13450 9661 451 13450 9636 9756 13450 13308 3977 6082 3039 3977 5634 9052 13450 9909 295 ]
[ 13450 13450 11577 5957 5665 13450 11577 9176 13450 13450 11944 5738 11280 13450 8098 13450 3352 13450 5738 11280 92 13450 3455 10489 7919 8922 13450 4288 13450 11128 6082 5738 13450 7966 ]
[ 13450 10397 13450 13450 556 1792 2590 13450 13450 13450 10998 10217 7177 13450 13450 13450 4741 13450 13450 12968 13450 7075 1840 12354 112 ]
[ 13450 13450 9894 4546 13450 13450 4546 3123 8263 13450 13450 8263 13450 10862 13450 1262 13450 4888 13450 12614 13450 5634 1966 7 13450 5844 13450 13450 13450 2513 13450 10210 9448 8147 13450 5634 8340 13450 1533 4546 9269 13450 2979 13450 801 13450 ]
[ 8775 9995 5478 13450 8816 7888 6999 13450 1240 7888 13450 5903 13450 6833 13450 13450 ]
[ 13450 11734 2552 13450 9556 1966 13450 6057 1966 13450 8940 13450 10459 1966 13450 9729 13450 2552 13450 1966 11436 13450 3994 ]
[ 13450 3713 13450 13450 1523 3891 1526 9809 13450 13450 677 13450 13450 4465 1523 13450 8027 13450 13450 2237 1523 3891 13450 10377 13450 6160 13450 3184 ]
[ 9894 4546 13450 13450 4546 3123 8263 13450 13450 8263 13450 10862 13450 1262 13450 4888 13450 12614 13450 5634 1966 7 13450 5844 13450 13450 13450 2513 13450 10210 9448 8147 13450 5634 8340 13450 1533 4546 9269 13450 2979 13450 801 13450 ]
[ 13450 4803 13450 13450 13450 4718 2727 13450 8809 13450 13450 13450 13450 13450 9809 13450 4592 1039 8711 1031 13450 13450 4758 13450 3030 2353 2864 9280 13450 5628 13450 13450 13276 13450 1538 1971 13450 642 6220 ]
[ 13450 13450 13450 4758 3160 13171 13450 11385 6573 13450 7665 9041 6265 13450 1840 13450 13450 994 6265 13450 1840 ]
[ 13450 2457 6734 11577 10975 13450 7892 13450 13450 13450 11577 3254 13450 1195 13450 4760 13450 11926 12176 6440 13450 9756 10304 13450 11477 13450 11280 2133 13450 13450 ]
[ 13450 7894 13450 672 13450 8397 2635 13450 12233 ]
[ 13450 7888 5503 13450 13450 13161 10516 13450 13450 5503 2891 10705 3975 13450 ]
[ 13450 4439 13450 11068 13450 10646 7057 ]
[ 6976 13450 13450 8698 9930 13450 5585 13450 13450 13450 13450 10307 13450 10062 9930 12307 13450 3205 9743 ]
[ 1758 9756 13450 1439 12769 13450 933 85 13450 13450 13450 13450 6252 13450 13450 13450 12675 12138 6853 13450 3470 13448 ]
[ 8915 3456 8521 13450 13450 4954 13450 5801 4767 3435 13450 8004 5795 13450 13450 13450 12127 3370 13450 12127 13195 ]
[ 7302 11084 2851 13450 13450 13133 7378 13450 10647 3370 957 13450 7302 11084 10134 13450 13450 1699 2439 13450 13450 5625 13450 13450 13133 13450 13450 957 13450 13450 13450 13133 4264 13450 ]
[ 3536 13450 1788 13450 1788 13450 4339 10939 11102 5475 13450 3370 ]
[ 13450 6477 13450 3086 1529 10210 13450 3370 13450 4478 13450 13418 13450 10020 9042 13450 8295 13450 7388 13450 13450 ]
[ 7337 13450 8642 13450 11850 6208 10266 13450 4482 ]
[ 8572 13188 13450 9770 13450 7388 7919 13450 9770 2175 ]
[ 12403 1170 13450 2442 13450 13450 8006 8940 13450 6966 11944 13450 10187 13450 13450 10455 8844 13450 13450 10455 591 13450 2124 2891 10455 13450 13450 9176 7704 10455 2735 13450 9176 4501 10455 10880 ]
[ 11215 7302 2591 13450 13450 12626 13450 5613 10307 13450 8048 374 13450 11903 13450 4758 13450 13450 5196 13450 13450 6090 2447 ]
[ 9169 11644 13450 13450 6616 13450 3243 7992 13450 6481 9805 13450 9894 2574 13450 13450 13450 13450 994 13450 13450 13450 13450 13450 11739 7302 295 10501 11082 ]
[ 1954 13450 5475 13450 13450 707 11147 1080 13450 13059 13450 13450 13450 13450 13450 6682 13450 13450 388 6718 9503 10501 13059 7772 ]
[ 13450 12158 13450 13450 7510 12230 5301 13450 11656 13450 1516 1043 13450 7510 12230 7859 6097 13450 13450 4718 4592 13450 7888 3123 2156 13450 918 13450 13450 9809 13450 13450 ]
[ 1909 13450 5741 8899 8911 13450 2100 11217 8911 13450 13450 4498 1331 13450 5804 13450 13450 10307 13450 13450 11898 3456 13450 13450 13450 7302 1331 13450 13450 13450 13450 7391 13450 295 6911 112 1840 ]
[ 3823 13450 7511 9061 1499 4718 10860 5881 4190 2943 13450 5812 13450 4888 13450 13450 5454 1499 13450 13450 8580 13450 10719 13450 3921 13450 ]
[ 13450 1971 8976 3408 13450 13450 6199 13450 12052 13450 2666 2623 13450 374 13450 13450 10819 12493 462 ]
[ 10229 13450 7919 13450 1075 294 13450 13450 12591 13450 2280 13450 7510 12138 6853 13450 1075 ]
[ 7908 5987 4366 9042 13450 13450 13450 3418 11263 13450 10789 295 13450 4944 13450 8776 13450 3986 13450 13450 2727 1240 4718 8567 13450 493 8567 13450 9042 8567 13450 1565 13450 13450 13450 13450 ]
[ 13133 2691 13450 13450 2686 10561 12055 13133 13450 13450 2686 13450 13133 13450 8115 ]
[ 8793 13450 13450 6465 3020 13450 5881 13450 3799 13450 13450 13450 2280 13450 4767 5692 13450 7888 12311 5738 13450 ]
[ 13450 13450 13450 13450 13450 13365 12874 13450 7958 296 12874 7378 13450 5625 13450 13450 12874 10584 13365 13450 13450 2552 4309 13450 8551 13450 13450 13133 13450 13450 10862 13450 4498 8996 13450 13133 1360 13450 957 13450 13450 13133 4838 ]
[ 7888 3536 2813 13450 7600 10933 1708 ]
[ 1758 9756 13450 13450 9661 8584 8722 13450 13450 9894 13450 4600 13450 7518 13450 13450 9178 13450 4600 13450 12032 2731 ]
[ 3713 13450 9300 3481 13450 3550 13450 493 9407 ]
[ 13450 5649 13450 5051 5498 8370 12668 12523 13450 7231 5685 13450 13450 13450 13450 1195 3063 7992 8056 2801 13450 12523 13450 12818 13450 13450 861 ]
[ 4569 7302 295 8352 13450 9977 13450 1355 13450 9679 13450 9661 13450 7096 13450 13450 13450 13450 13450 4758 10801 8775 13450 13450 9856 6440 12546 ]
[ 8940 13450 13133 1530 2833 13450 12773 13450 5300 1571 13450 13450 711 13450 13133 4838 13450 8006 13450 13450 4498 12992 1176 ]
[ 11188 4484 3020 1705 13450 2553 9626 ]
[ 13450 12158 13450 13450 7510 12230 5301 13450 11656 13450 1516 1043 13450 7510 12230 7859 6097 13450 13450 4592 13450 13450 4481 13450 5339 1758 3823 13450 918 13450 13450 9809 13450 13450 ]
[ 1758 9756 13450 7412 9743 13450 12079 13450 2723 127 13450 13450 5922 127 ]
[ 2934 1419 7795 13450 3995 13450 196 ]
[ 13450 294 13450 3320 493 6580 8940 13450 948 13450 2477 8940 13450 493 13450 13450 3713 13450 12433 6264 11500 5284 3435 13450 856 ]
[ 2442 1262 8006 8940 13450 13450 10455 8844 13450 13450 10455 591 13450 2124 2891 10455 13450 13450 9176 7704 10455 2735 13450 9176 4501 10455 10880 ]
[ 13450 9661 13450 5017 9042 13450 8517 11325 3675 ]
[ 12699 13450 4121 1273 13450 13450 13450 13450 1273 5497 13450 5047 13450 4653 12699 13450 13450 2663 10058 4600 ]
[ 2891 13450 13450 13450 5484 3553 13450 9856 8551 13450 13450 7958 12926 13450 1291 13450 10762 ]
[ 13450 13450 2147 1565 13450 9191 4863 581 13450 13450 432 13450 5469 13450 3755 8135 ]
[ 13450 5475 13450 12311 1262 8098 13450 3444 13450 13450 1240 12311 4217 8098 13450 13450 13450 13450 13450 8776 2876 ]
[ 12397 13450 7546 13450 4466 10026 13450 9681 13450 8098 13208 5533 13450 10137 10232 4806 ]
[ 13450 11211 13450 13450 12761 3184 8597 13450 8775 13450 12145 13450 12761 3184 12761 8895 12761 8004 ]
[ 6265 13450 3842 9175 7207 13450 7321 11923 13450 13450 1854 13450 13450 10645 13450 9970 13450 9761 6838 13450 13450 9511 4601 13450 13450 3294 13450 10278 295 13450 11905 ]
[ 7553 11788 13450 13450 3572 13450 12567 5881 7253 13450 4336 12773 13450 ]
[ 12926 8503 294 1075 294 5881 12213 11185 13450 7888 4230 13450 1262 3842 13450 13450 12611 ]
[ 13450 7289 13450 8077 7671 8436 11944 13450 13450 9848 8235 13450 203 12131 7958 13450 2243 13450 4838 13450 9042 13450 13450 9848 13450 540 12131 13450 13450 1230 9848 13450 13450 ]
[ 8146 7302 4600 3254 13450 10659 13450 13450 13450 13450 13450 9669 203 3254 8052 13450 13450 3160 9269 13450 13450 5475 295 13450 13450 4916 8776 13450 13450 1538 13450 1543 13450 ]
[ 13450 13450 12015 13450 6297 12192 13450 4612 13450 10436 13450 10307 4392 8396 6265 13450 8006 6265 13450 9626 13450 1840 2833 13450 12773 ]
[ 13450 13026 13450 1157 13450 1000 8550 13450 9636 9025 13450 13450 13450 10685 13450 11802 91 13450 13450 822 10789 13450 4830 747 10685 13450 13450 1252 ]
[ 13450 6402 13450 10611 6461 13450 9851 11574 12448 13450 493 13450 3490 ]
[ 13450 13450 7302 12508 13450 4217 13450 3160 9184 12714 13450 9400 9970 13450 13450 10307 13322 13450 13450 11439 13450 642 ]
[ 7223 1915 13450 8465 13450 9030 13450 13306 2226 8465 13450 9030 13450 1360 13450 2226 12073 13450 13450 13450 9749 6440 5625 13450 13450 13450 13450 13450 8397 7105 7302 8617 ]
[ 13450 13450 13450 7888 13450 6265 13450 13450 13450 3453 13450 13450 13345 13450 6265 2126 13450 13128 13450 11926 13450 3617 13450 6265 2126 2124 13450 12055 13450 6963 4600 13450 4366 12403 6265 13450 13450 1230 10998 2834 13450 295 13450 1331 ]
[ 13450 13450 5475 13345 13450 13450 6265 2126 13450 13450 13128 13450 11926 13450 3617 6265 13450 2126 2124 13450 12055 13450 6963 4600 13450 13450 6265 13450 8163 1352 13450 4916 1075 ]
[ 4497 12616 10508 5545 9041 13450 3713 13450 1881 13450 12736 13450 ]
[ 13450 13450 6265 13450 5859 13450 5133 13450 11149 13450 3160 9042 12564 8124 ]
[ 12748 4324 7888 8550 13450 13450 11603 13450 8642 3595 13450 9042 13450 13450 6970 13450 9448 7261 ]
[ 13450 8006 7223 12977 1439 13450 10864 10479 13450 6919 6440 13450 13450 1347 13450 4838 1705 10998 3123 13450 13450 13450 13450 4288 1533 ]
[ 13450 9661 13450 10659 13450 13450 13450 2585 9268 2405 13450 13450 5835 5030 203 ]
[ 13450 5475 13450 9582 8550 13450 1265 13450 2751 13450 1724 13450 10451 13450 8065 10782 13450 13450 13450 2933 7888 13450 4810 ]
[ 4465 13450 13450 13450 9661 9582 12192 13450 8076 6075 13450 13439 13450 13450 13450 11128 374 13450 13450 642 9559 13450 13450 2079 13450 6842 13450 5538 8698 11376 13450 13450 8397 13450 13450 7302 10975 ]
[ 5041 13450 6762 9604 13450 6429 13450 13450 13450 13450 8150 3030 425 ]
[ 12164 2317 13450 2222 7888 13450 12870 13450 6659 ]
[ 13450 13450 13133 2691 8863 13450 13133 4838 13450 7780 13450 13450 711 13133 13450 5625 13450 13450 13450 711 13133 13450 2439 ]
[ 3637 13450 13450 13450 13450 13450 3456 7130 9443 13450 412 5738 8861 13450 13450 8027 6944 1971 13450 ]
[ 13450 10165 13450 13450 6556 1197 13450 13450 13450 12182 13450 1784 13450 10087 7502 6104 1649 13450 13450 7502 13450 1784 12557 1649 13450 ]
[ 13450 9636 13450 13450 3214 13450 13450 10405 13450 10018 1080 18 13450 7171 13450 10175 5757 13450 8560 9878 ]
[ 13450 13450 1360 13450 10113 12045 13450 1092 275 13450 3663 6273 13450 10113 12455 13450 2280 10015 13450 4791 13450 5077 13450 ]
[ 4866 5475 7406 295 6861 8932 13450 11094 533 13450 4863 12523 13450 13450 12180 13450 12746 13450 10939 13450 7783 13450 10549 13450 13450 2864 9280 13450 4366 10278 4863 13450 13450 13450 13450 ]
[ 11502 13450 13450 4675 5709 4657 11279 13450 3536 2813 11513 ]
[ 13450 487 13450 8704 13450 11616 8752 13450 8477 5179 10879 ]
[ 10801 13450 13450 13450 9661 8146 7302 4600 3254 10789 13450 13450 9661 7302 4600 13450 294 10170 13450 3971 2077 13450 13450 4366 3816 13450 3380 408 13450 6786 4888 408 13450 4190 ]
[ 13450 12015 13450 6297 13450 13450 6297 8318 13450 9890 5085 13450 8935 200 13450 13450 12944 13450 9873 ]
[ 13450 3700 9028 13450 5383 91 13450 13114 13450 4718 2891 11481 1397 13450 3040 12176 13450 13450 13450 13450 3700 5199 13450 13450 11984 5973 13450 13450 3184 ]
[ 2834 4601 9180 3977 1883 13450 13376 13450 10397 8550 13450 13450 12333 3996 13450 2834 257 13450 8147 5080 13450 4741 257 13450 8147 13450 8800 13450 6402 13450 2834 13450 3160 9269 6911 13450 9602 13450 2037 13450 12413 13450 12138 6352 2834 13450 13450 13450 2209 13450 7302 12508 13450 295 ]
[ 13450 13450 13450 10577 2518 13450 13450 9859 13450 10577 8235 13450 8367 13450 2249 1784 13450 13450 11677 2833 13450 10577 1522 11496 12493 9957 13450 13450 10577 2493 8004 ]
[ 4758 13450 9809 13450 13450 5555 11802 13450 3036 13450 2227 13450 13450 5555 5085 13450 13450 10692 12055 12433 ]
[ 13450 8146 13450 3456 7573 13133 9749 13450 13450 8146 9749 13450 13450 13450 1333 13450 13450 9379 4339 12127 3370 13133 9749 13450 13450 12127 9749 ]
[ 13450 13450 13450 12107 7756 5051 13450 13450 4601 7888 10217 13450 13450 10656 6911 827 13450 13450 12107 ]
[ 13450 4767 13450 13450 12479 13450 7060 3991 13450 7627 13450 397 13165 13450 12289 1976 ]
[ 150 13450 9777 1543 9704 13450 13450 11408 13450 1870 11478 3096 13450 9767 10853 13450 3504 13450 13450 9135 6001 7919 13450 13450 13450 13450 5475 13450 13450 13450 12908 13450 13059 ]
[ 13450 13450 13450 13450 6713 13450 257 13450 10217 13450 5475 9761 5301 13450 13450 4760 4040 8790 13450 9291 2464 13450 307 861 5938 13450 4186 13450 7302 13450 9748 295 13450 9622 2552 13450 13450 13450 7302 5335 13450 10217 13450 9622 8150 2789 12887 ]
[ 13450 11164 13450 10260 13450 7732 12316 13450 1488 9041 13450 10212 13450 4478 8093 12546 13450 13450 11524 13450 13450 12546 13450 13450 1936 13450 3160 4040 9856 ]
[ 6172 5832 13450 13450 13450 3338 5832 13450 8916 ]
[ 2753 13450 1405 13450 10913 13450 7652 4962 13171 5199 13450 8004 13450 13450 13450 9176 13450 4610 13450 1805 4888 13171 5199 13450 13450 13450 9176 1687 ]
[ 8027 4933 2552 13450 13450 1304 13450 488 8414 ]
[ 13450 9661 13450 10659 13450 13109 4317 3647 8927 13450 5082 13450 13450 4785 10307 7302 8745 5607 10479 ]
[ 13450 295 13450 11783 13450 13450 12200 13450 12773 13450 10187 13450 295 6911 12467 13450 1607 13450 13450 10635 13450 10751 10998 13450 13450 10635 13450 2124 10998 13450 12200 295 6911 7455 13450 1543 7557 13450 1543 8433 13450 295 13450 11180 13450 13450 9186 10187 ]
[ 13450 12683 6367 13450 13450 374 13450 13450 295 1744 13450 3160 13171 11964 4996 12886 13450 6075 13450 9152 3160 374 13450 13450 13450 ]
[ 13450 11769 5361 13450 11551 13450 13378 13450 8098 9169 3369 12546 7847 13450 12858 10040 11150 ]
[ 13450 2147 9262 13450 9191 4863 7454 13171 13450 7954 10419 13450 4641 13450 13450 ]
[ 6391 5196 6391 13450 7223 8078 12200 13450 9856 13450 6911 3157 11023 13450 9615 13450 13450 3495 8392 13450 6391 13179 8078 13450 9856 13450 13450 13450 9856 13450 322 1253 13450 13450 322 8392 ]
[ 4497 11401 9041 13450 5475 5655 13450 13450 13450 8724 5475 7510 12138 6853 13450 2891 13450 3842 13450 13450 13450 12138 6853 9437 13450 7478 13450 432 13450 6632 ]
[ 7753 13450 13450 9622 11551 7572 12860 6433 7500 13450 10296 4497 ]
[ 13133 2691 13450 1827 13133 10561 13450 11351 13450 13450 13133 13450 12385 13450 11926 ]
[ 13450 13450 12403 13450 7389 13450 396 2280 4213 1461 13450 13450 8030 13450 2810 4601 13450 7154 13001 ]
[ 1439 3123 11773 13450 13450 6829 13450 12998 13450 1805 13450 13450 3649 4642 13450 2935 12926 13450 13450 11678 2999 13450 9293 8940 162 13450 13450 2891 ]
[ 3291 13450 11391 13450 215 13450 2168 5475 13450 13450 13450 13450 8151 6057 6970 9749 8745 13450 13121 13450 7923 4790 13151 7780 13450 13450 13450 ]
[ 13450 13450 13450 3291 13450 11391 13450 215 13450 2168 5475 13450 13450 13450 13450 8151 6057 6970 9749 8745 13450 13121 13450 7923 4790 13151 7780 ]
[ 1541 13450 13450 10789 13450 725 5453 13450 23 2631 13450 13450 8417 8279 3370 4600 13450 4962 4767 3435 13450 13450 1432 13257 13171 12912 ]
[ 12855 13450 13450 13450 12285 13450 2955 4269 13450 6911 8872 493 13450 7919 ]
[ 10664 12183 5211 11618 8064 13450 1234 ]
[ 5638 8004 6052 13450 8265 7918 13450 13450 13450 13450 8265 7918 13450 5638 9966 13450 4049 5807 9513 13450 13450 10706 13450 1084 13450 11069 13450 13450 11102 13450 ]
[ 7148 652 483 1316 13450 13450 13450 6429 4601 6493 2552 13450 9661 1474 13450 13450 294 2852 ]
[ 13450 9661 13450 10659 13450 13450 13450 5475 10109 9622 10062 2833 13450 13286 5346 3815 12880 ]
[ 7888 2039 7818 13450 13450 13450 13450 2039 7125 13450 2039 8230 13450 13450 2280 13450 13450 6260 1716 3123 13450 4916 11451 ]
[ 12961 1971 5694 8319 13450 674 10801 8775 13450 13450 10801 13450 2559 3949 ]
[ 13450 9661 12192 13450 13450 13450 7388 13450 8833 546 5738 214 1813 13450 10741 5883 7388 13450 11738 13450 6192 13450 10998 294 13450 ]
[ 9793 3596 13450 7388 6369 11304 13450 7420 9807 13450 13450 13450 918 13450 755 13450 ]
[ 8027 10307 13450 3367 7888 4636 13450 13450 7797 9514 13450 1164 ]
[ 13450 10104 287 8550 13450 9894 13450 770 13450 13450 10062 13450 7302 3123 755 13450 8670 13450 13450 8972 13450 13450 7776 13450 1482 ]
[ 9582 13450 13450 7888 3553 13450 13450 10451 6533 3050 13450 4928 ]
[ 10766 9359 10062 13450 13450 6635 1761 13450 9359 8764 3163 ]
[ 1253 13450 13450 10307 13450 5738 13450 9720 10635 13450 9829 13450 9622 9743 4626 3394 6545 13450 6944 9634 13450 13450 13450 11339 ]
[ 13450 13450 13450 360 9268 12192 13450 8437 13450 13450 1325 8929 13450 13450 2706 7289 6947 ]
[ 13450 11306 2274 3778 982 13450 13450 8115 8006 6300 13450 5475 11954 13450 4983 13450 9626 13450 5475 13450 2072 8436 1461 13450 1268 13450 12926 13450 13450 13450 12145 ]
[ 6944 13450 13450 13231 13450 251 2954 8380 13450 1784 6658 13450 13450 13450 13450 13450 2164 6343 1530 13450 9152 5738 9176 ]
[ 13450 13450 9774 7221 9556 4632 13450 13450 3749 ]
[ 13450 13450 13450 5475 13059 294 13450 150 13450 9777 13450 2751 13450 1724 13450 11888 13450 9536 13059 ]
[ 9859 13450 5196 13450 11734 12959 10035 13450 1857 13450 1472 13450 5789 ]
[ 11765 13450 8550 13450 9448 1428 13450 13450 7888 11802 13450 7564 9448 3938 13450 13450 4749 ]
[ 3370 8501 9756 13450 9135 13450 13450 9950 13450 11325 13450 12524 13450 11415 12138 13450 8501 13450 13450 1195 7919 10158 13450 4861 13450 1405 13450 7514 13450 13450 4309 13450 13450 11887 ]
[ 10642 11153 13450 13450 10500 294 13450 13450 4623 ]
[ 9669 13021 12410 13450 13450 13450 2680 13450 565 ]
[ 10934 13450 7045 13450 13450 13079 8150 12886 10646 12150 13450 13450 13450 13450 13450 2077 13079 5738 1158 13450 13450 13450 13450 10459 7888 4264 5738 295 13450 3777 13450 2538 8940 2891 12614 13450 4190 13450 4888 ]
[ 13450 13450 13450 13450 12413 13450 9622 4889 8728 13450 11944 9771 5394 12127 10452 13450 13450 ]
[ 13450 7518 13450 10789 13450 13450 13450 13450 10307 677 4043 2797 11069 13450 13450 13450 5051 13450 13450 5051 8892 677 6058 13450 13450 10412 677 10681 324 13450 1234 ]
[ 6192 13450 7335 7867 13450 13450 13 1706 ]
[ 1758 9756 13450 7388 3830 6331 13450 13450 13450 4896 1943 13450 7078 13450 6331 13450 10043 12500 8397 5873 ]
[ 13450 13450 13450 7573 2559 12061 13450 13450 11500 12766 3713 13450 13450 3320 13450 3352 7199 13450 9094 491 3713 13450 1538 7199 ]
[ 13450 13450 13450 7888 3123 13450 9008 12920 13450 13450 8091 10187 13450 13450 13450 2727 2280 13450 13450 12138 13450 13450 3214 13450 13450 2705 7888 9612 12512 13450 13450 12138 6853 13450 162 7315 13450 604 3123 13450 4601 9008 13450 10727 3123 ]
[ 13450 9661 13450 10659 13450 13450 13450 8584 10940 7302 13416 12368 9268 13450 13450 8417 4324 12255 4600 ]
[ 13450 4071 13450 13450 5475 9120 13450 6331 4838 13450 13450 7573 6331 10452 13450 5196 13450 6057 13450 1983 13450 6836 13450 8508 13450 13450 3291 13450 12467 13450 12179 ]
[ 12448 13030 13450 10858 13450 13450 13266 13450 3041 ]
[ 13450 13450 5475 10060 12959 11571 13450 13450 13450 5475 9131 13151 13450 9749 1331 13450 3317 13450 12608 4496 ]
[ 9579 7360 13450 10307 405 13450 13450 3450 8959 4565 7845 12138 12324 13450 13450 10546 ]
[ 13450 13450 13450 13450 13450 4632 7302 5411 1559 8439 5411 13450 3774 13171 7302 1031 260 721 13450 12546 4213 7096 ]
[ 13450 13450 10635 2348 1000 7845 12874 10833 13450 13450 10827 2132 13450 10039 8465 13450 2439 ]
[ 6265 13450 9042 10717 13450 13450 6265 10638 13450 2781 13450 10648 9592 13450 7302 13450 13171 9592 13450 10302 9592 13450 ]
[ 13450 13450 13450 13161 1715 10516 13450 3774 13450 8855 13110 13450 1007 13450 6878 3168 13450 7888 13450 7573 13133 ]
[ 13450 3505 10789 13450 3488 13450 5051 13450 13450 7911 11984 10104 13450 13450 7911 1538 1240 4217 13450 13450 7929 10170 ]
[ 3620 1331 13450 6482 9511 2317 13450 11040 13450 12699 9622 918 13450 13450 8150 1000 13450 9443 13450 8052 13450 13450 918 13450 13450 13450 8150 13450 13450 7750 1568 ]
[ 13133 2691 8863 13450 13133 4838 13450 7780 13450 13450 711 13133 13450 5625 13450 13450 13450 711 13133 13450 2439 ]
[ 13450 13450 7888 5100 3160 7465 2735 13450 1461 5475 5100 13450 11986 3472 ]
[ 13450 357 13450 13450 13450 13450 13450 3418 1268 13450 11954 13450 2727 13450 13450 7365 13450 10708 2443 130 5475 2072 8436 13450 10618 ]
[ 13450 13450 9661 13450 12314 3507 11376 4230 13450 13450 9661 13450 13450 11707 13450 12105 6270 13450 4230 ]
[ 13450 13450 11653 13450 13450 2511 546 13450 1323 1909 13450 4144 1851 13450 1959 10310 13450 ]
[ 13450 9894 13450 13450 13450 11280 13450 9661 3536 4392 7587 13450 13450 10131 984 6824 13059 1331 11280 1084 13450 13450 13450 13059 13450 13450 13450 ]
[ 9815 12148 1329 13450 5080 13450 6803 13450 5807 11958 1966 10307 12614 ]
[ 7388 13450 13450 9661 12192 13450 11096 4071 13450 10486 3254 13450 13450 10789 13450 7888 13450 6459 13450 12669 13267 ]
[ 5257 3123 13450 10727 3123 13450 13450 5257 13450 13323 11678 13450 13450 13450 5257 13450 8305 12905 8932 13450 13450 1695 13450 3123 ]
[ 13450 13450 9580 8735 13450 7154 1600 13450 3370 3518 13450 8927 13450 13450 7931 3815 13450 ]
[ 1758 9756 13450 13450 13450 13450 4896 3370 13450 1381 6199 6658 13450 13450 13450 4896 13450 2280 13450 12000 11490 13450 10975 ]
[ 5475 5697 11279 3921 5292 13450 13450 13450 12523 11725 13450 13450 13450 9358 13450 13450 7406 ]
[ 5380 13450 13450 9617 13450 13450 2370 12127 13450 13450 9098 10747 13450 3529 1807 13450 10577 10599 ]
[ 6265 9268 13450 13450 13450 7388 13450 5130 7845 12475 13450 13450 6367 2126 13450 388 12138 3458 13450 13450 5512 13450 10224 ]
[ 13450 9661 13450 10659 13450 13450 13450 4490 3418 9809 3842 2864 9280 1331 13450 13450 6896 294 8567 85 1353 3413 13450 13450 7516 203 ]
[ 13450 5051 4392 9562 13450 8223 13450 5795 2728 13450 5021 13450 13450 7438 4954 4040 13450 1336 8515 13450 13450 3123 13450 6527 13450 12956 13450 13450 13450 5738 13450 10648 13450 12055 1336 5354 ]
[ 13450 7888 13450 13450 3406 13450 112 3160 10549 13450 5479 6265 13450 9298 9626 13450 6658 2126 13450 13128 13450 11926 13450 4366 12403 6963 4600 13450 13450 556 2834 13450 295 8163 13450 994 13450 8739 1840 ]
[ 13450 5475 13171 3394 2513 13450 9550 12901 13450 661 985 10821 13450 8106 9977 13450 9827 13450 4601 1909 13450 13450 9898 5311 ]
[ 13450 2727 13450 10708 2443 13450 12769 4341 13450 12138 7772 13450 13450 4501 13450 13450 2727 13450 8678 4658 13450 13450 3615 ]
[ 13450 13450 9661 9268 13450 3160 2094 133 13450 13450 9661 9268 13450 13450 11035 13450 13450 6232 2590 13450 13450 3160 9042 ]
[ 313 13450 13450 13450 10656 6911 684 3605 13450 5497 13450 2282 13450 7469 13450 9338 7762 313 13450 13450 13450 10656 10406 2353 13450 3823 1523 ]
[ 5910 10501 13450 10099 7432 13450 10283 13450 4336 13450 8006 8940 13450 1316 13450 2353 13450 13450 158 13450 2631 13450 7303 ]
[ 6220 13450 3363 13450 1827 9894 8346 12433 13450 13450 10553 9702 13450 5740 7302 249 13450 12616 10276 13450 4403 8358 13450 ]
[ 5475 671 1084 13450 7389 6911 13450 1977 671 13450 9271 671 13450 13191 13450 8098 13450 1977 6261 13450 10341 13450 13450 13450 1538 1405 13450 13450 8501 13450 1543 1084 7389 13450 3702 8098 671 13450 8501 ]
[ 13450 12192 13450 3926 7776 13450 7888 9737 12311 3123 13450 2416 13450 8940 13450 6491 13450 5634 13450 12957 13450 13450 13450 8940 13450 5392 7704 13450 4727 7704 13450 5501 7704 13450 10304 2753 7704 13450 2735 13450 8342 13450 13072 13450 12311 493 13450 2864 4932 13450 8852 13450 2797 13450 13450 13450 13450 13450 13450 4601 5475 12138 2124 10998 13450 10581 ]
[ 5475 13345 13450 6265 2126 13450 13128 13450 11926 13450 3617 6265 13450 2126 2124 13450 12055 13450 6963 4600 13450 4366 12403 6265 13450 13450 1230 10998 2834 13450 295 13450 1331 13450 13450 6265 13450 8163 1352 13450 4916 1075 ]
[ 13450 9559 13450 13450 2751 13450 12979 7845 13450 9640 13450 13450 337 13167 13450 4859 13450 4230 13450 6658 1679 2513 ]
[ 5475 13345 13450 6265 2126 13450 13128 13450 11926 13450 3617 13450 6265 2126 2124 13450 12055 13450 6963 4600 13450 3617 6265 13450 9120 13450 4366 12403 6265 13450 13450 1230 6658 10998 2834 13450 295 13450 1331 13450 13450 6265 13450 8163 1352 13450 4916 1075 ]
[ 13450 8639 13450 13450 11310 13450 4851 3460 7371 13450 13450 11310 13450 4851 3460 7371 ]
[ 1152 13450 13450 10801 13450 13450 13450 2830 7302 8147 13450 13450 4436 13450 13450 13450 9661 8146 8007 6878 13450 13450 178 1262 9073 2590 ]
[ 13450 13450 13450 9661 7388 3830 6366 13450 12052 10329 ]
[ 10853 9262 13450 13450 5697 13450 13450 8011 7302 4156 7096 13450 13450 13450 13450 13450 9042 401 13450 13450 9661 13450 13450 8011 7302 8147 13450 2534 4309 5807 13450 13450 13450 13450 9661 13450 7302 2590 4309 7958 5080 8939 ]
[ 5475 13450 11848 11734 4742 13450 9611 13450 5564 13450 114 13450 8364 13450 12212 12209 13450 ]
[ 13450 10452 13450 10789 13450 4987 13450 8336 13450 3658 5740 8336 13450 8791 5740 6440 13450 13450 13450 4992 7302 295 4838 13450 5740 3456 3609 9271 ]
[ 6433 6670 13450 6459 13450 4730 13450 13450 556 13450 3553 13450 6054 13450 9602 13450 112 13450 13450 1511 13450 13450 295 13450 5730 13450 3971 2864 295 13450 7375 295 13450 11482 295 11292 13450 13450 13450 9793 12230 7454 13171 13450 7454 13450 13450 7454 10307 7302 13450 7776 13450 12138 2891 12614 13450 4888 ]
[ 13450 13450 10934 6568 11261 13450 4413 13450 13059 11923 12055 4737 13450 1533 13450 13450 13450 4450 12055 1533 13450 6097 13450 13450 13450 2846 13450 2891 4139 13450 2513 ]
[ 13450 13450 13450 13298 12055 3700 4814 13450 13450 13450 13298 13450 918 12433 12151 ]
[ 13450 13450 13450 10397 8550 13450 4859 10377 7388 1174 5838 11385 13450 8396 1532 ]
[ 5475 671 1084 13450 13450 10131 7289 13450 6593 13450 9789 13450 1809 13450 13450 13450 9965 13450 844 13450 4851 ]
[ 13450 9661 8146 8007 6878 13450 13450 178 1262 9073 2590 13450 13450 13450 2830 7302 8147 13450 13450 4436 13450 13450 5634 7391 13450 11025 11936 ]
[ 13450 4863 9510 11478 13450 13450 7096 13450 4863 13214 13450 10083 ]
[ 13450 13450 3291 5738 13450 13450 11006 3973 13450 4226 13450 9894 8140 13450 2830 13450 2321 ]
[ 13450 13450 10862 13450 10713 13450 3986 13450 13450 4758 4497 13450 3363 13450 1189 9793 677 7454 10276 13450 13171 2891 13450 13450 9178 677 13450 13450 1286 1152 ]
[ 13450 13450 13450 3214 6459 11678 395 13450 2353 1091 13450 13450 13450 1543 3418 3596 13450 1543 13450 4632 4758 13450 13450 5746 13450 2888 1758 13450 13450 4832 13450 13450 1758 13450 1268 13450 7253 7469 2915 13450 1543 5807 11809 10935 13450 2401 9559 ]
[ 62 13450 6236 7391 13450 13171 295 13450 5838 13450 5838 11965 1000 13450 7080 13450 62 13450 6236 10307 12033 13450 11965 12033 1000 13450 7080 13450 6236 12397 13450 4466 13450 7546 13450 13450 13450 6440 4675 5709 13450 10638 13450 8436 13450 6440 4741 13450 2834 13450 6459 ]
[ 13450 13450 13450 10647 1360 13450 9656 13450 13450 5625 13450 13450 13450 13133 4838 13450 13450 13450 10647 957 13450 2951 13450 13133 13450 5625 1559 2134 13450 13450 10892 1360 13450 2439 1559 13306 13450 10892 1360 ]
[ 13450 9661 7388 13450 13450 13450 13450 2280 5520 11376 2591 10975 13450 7078 13450 658 11376 10975 13450 12500 13342 ]
[ 9028 8476 13450 10648 13151 9795 13450 9941 12557 13450 13450 1971 13450 5051 5196 13450 4996 9042 9562 10648 13151 13450 2421 13450 7638 112 13450 3085 9652 ]
[ 13450 4020 6370 13450 13450 367 5368 13450 12996 13450 4941 13450 13450 10384 4962 ]
[ 13450 13450 13450 13450 7573 2559 12061 13450 11500 13450 12766 3713 13450 13450 294 6279 13450 2509 13450 13450 3320 493 13450 3352 7199 13450 9094 491 13450 1538 7199 ]
[ 13450 13450 13450 921 13450 335 13450 13450 13450 195 13450 13450 13450 13450 1971 12230 13450 4718 1596 9041 2565 6459 8585 7888 9882 13450 13450 4385 13450 2565 6459 13450 1084 13450 5697 10998 13450 4027 10307 13450 3160 9042 13450 12656 13450 7888 ]
[ 13450 13450 13450 6963 5354 8515 13450 13450 7302 9039 11642 13450 4123 7263 1565 13450 10307 9756 10577 8394 13450 13450 13450 7302 8394 9894 10307 13450 ]
[ 1758 9756 13450 2757 1189 6549 5740 13450 13450 13450 6602 4264 13450 2114 13450 758 13450 13450 8596 13450 13450 13450 8147 ]
[ 10939 13450 7502 13450 2429 ]
[ 13450 9661 1516 13450 6433 13450 1511 13450 6961 1565 5523 13450 4753 13450 6615 13450 13450 4632 6459 13450 462 11809 ]
[ 6265 10638 13450 2781 13450 10648 9592 13450 7302 13450 13171 9592 13450 10302 9592 13450 13450 13450 5885 13450 13450 294 10717 ]
[ 13450 10872 10636 13450 12498 3149 12546 2637 7096 13450 13450 ]
[ 13450 4413 13450 6810 2891 13450 3878 5379 13450 5896 13450 13450 7083 7919 13450 13450 9930 13450 5051 10452 ]
[ 1532 13450 13450 7388 13450 1872 13450 1634 294 10212 12901 13450 7868 4823 2591 9042 ]
[ 8352 10850 13450 13450 8558 13450 13450 1632 11551 12529 13450 13450 3498 13450 4014 13450 13450 8115 13450 13450 13446 8941 13450 13446 10475 ]
[ 5475 3370 13450 7234 3370 13450 6440 2125 7234 13450 7971 13450 4143 13450 8006 7234 13450 12675 10039 ]
[ 5274 13450 13450 13450 9669 13450 10500 1253 13450 8940 12145 10998 13450 3824 13450 10500 13450 12773 7439 13450 8940 12145 10998 13450 10187 ]
[ 1758 9756 13450 5475 13450 13450 2396 5290 13450 11944 13450 725 13450 3967 3644 13450 13450 3526 2631 ]
[ 13450 13450 7573 2559 12061 13450 11500 12766 3713 13450 13450 3320 13450 3352 7199 13450 9094 491 13450 1538 7199 13450 6279 13450 690 13450 13450 ]
[ 10508 10789 13450 6465 2559 13450 5478 8793 13450 9632 1543 10455 2248 13450 10720 13450 6465 13450 1543 13450 13450 13450 275 13450 13450 7701 ]
[ 13450 9661 13450 1782 1978 13450 9669 12809 13450 2322 13450 1288 13450 ]
[ 13450 13450 2133 10638 13450 13450 13450 13450 11577 9271 8705 11944 11280 13450 893 11577 2781 13450 13450 2133 13450 112 6459 13450 11577 13450 13450 13450 11577 12176 18 10489 13450 13450 ]
[ 2686 13450 13450 13450 294 13450 13450 9663 1626 13450 1966 13450 11734 12874 8465 13450 12073 13450 13450 10647 957 13450 8465 13450 4264 8523 13450 ]
[ 13450 2830 11825 13450 12198 12546 8500 9939 13450 13450 13450 10659 13450 13450 13450 13450 10659 13450 13450 13450 13450 5051 2844 13450 11825 13191 9647 12546 872 12439 ]
[ 12683 13450 13450 9736 12052 13450 6265 13450 13450 374 13450 13450 10307 13450 9133 13450 13450 9562 2151 6004 1331 13450 13450 1265 10307 1807 13450 9184 13450 13450 454 ]
[ 4718 13450 11457 13450 9358 9927 13450 12 13450 8807 ]
[ 7573 2559 12061 13450 11500 12766 3713 13450 13450 3320 13450 3352 7199 13450 9094 491 13450 1538 7199 13450 6279 13450 690 13450 13450 ]
[ 13450 13450 8855 7302 13450 11734 13450 3260 7302 13450 13450 8855 4678 13450 3317 4496 13450 12608 4496 13450 5475 10060 10638 13450 13450 13450 4061 9743 13450 13450 9749 9743 13450 13450 13450 9622 ]
[ 7573 2559 12061 13450 11500 12766 3713 13450 13450 3320 13450 3352 7199 13450 9094 491 13450 1538 7199 13450 6279 13450 690 13450 13450 13450 13450 13450 2705 3713 13450 13450 13450 ]
[ 8185 2972 13450 13450 8150 11752 13450 7883 13450 2862 13450 8150 13450 1785 13450 6527 13450 8150 ]
[ 5528 1541 10646 7454 13450 1189 12886 11849 13450 13450 8515 13450 2500 13450 6174 1857 ]
[ 13450 13450 13450 11577 9007 12055 6331 11577 5957 7284 13450 1331 13450 1971 12403 11770 768 7284 13450 13450 13450 12055 11770 13374 13450 13450 3492 27 11577 10789 13450 6459 ]
[ 13450 10109 13450 6183 13450 2101 2470 861 13450 8508 13450 9617 13450 58 13450 9169 ]
[ 13450 13450 6265 10638 13450 2781 13450 10648 9592 13450 7302 13450 13171 9592 13450 10302 9592 13450 13450 13450 5885 13450 294 10717 ]
[ 6265 10638 13450 2781 13450 10648 9592 13450 7302 13450 13171 9592 13450 10302 9592 13450 13450 13450 5885 13450 294 10717 ]
[ 13450 13450 13450 5263 13450 13450 13450 4859 5130 934 13450 13450 204 7388 12615 10642 8707 ]
[ 8855 7302 13450 11734 13450 3260 7302 13450 13450 8855 4678 13450 3317 4496 13450 12608 4496 13450 5475 10060 10638 13450 13450 13450 4061 9743 13450 13450 9749 9743 13450 13450 13450 9622 ]
[ 13450 13450 10521 12385 9562 10452 11513 1331 13450 13450 10452 13450 11513 13450 12138 6853 13450 10452 13450 9271 13450 12580 4992 13450 13450 13450 1000 12055 12914 10841 13450 10087 5100 2631 13450 13450 10399 3986 13450 10452 13450 13450 13450 13450 ]
[ 2133 6853 13332 13450 13450 8550 13450 11308 13450 13450 1610 9386 13450 13450 12675 4357 861 5340 2664 ]
[ 5768 9475 13450 10307 13450 1961 4481 1287 13450 8641 13450 13450 13450 5300 ]
[ 4562 6220 13450 13450 13450 4497 13450 10825 13450 5740 1758 13450 13450 3823 10801 13450 10825 13450 5039 13450 3986 13450 13450 6365 10801 13450 10825 13450 10635 13450 6459 13450 13450 6459 10789 7105 13450 462 12439 13450 13450 7315 11325 2773 ]
[ 13450 2811 13450 9669 639 13450 3658 13450 13450 13450 8584 13450 3576 3123 13450 13450 10278 12311 3123 13450 295 13450 7776 5613 112 6459 13450 6440 13450 8052 13450 13450 9977 295 13450 13450 10278 13450 4601 7391 13450 8596 ]
[ 13450 4949 677 1335 13450 994 13450 4949 1152 9809 13450 13029 9809 13450 4949 10296 2891 13450 4949 13450 11809 13450 4888 13450 4949 10849 9690 ]
[ 13450 8819 13450 3713 6148 13450 13450 13450 3713 3891 13450 3713 1538 6459 13450 11027 13450 2538 13450 9638 491 13450 305 13450 7514 13450 13450 2864 13450 9814 9178 13450 9133 13450 9809 13450 9679 13450 4600 ]
[ 2806 13450 1653 3787 2891 13450 6024 10538 13450 5475 933 12467 6911 13450 6628 7780 ]
[ 13450 13450 13450 10397 1954 13450 13450 8873 4859 13191 13450 6394 13450 8396 10998 13450 133 13450 4859 884 ]
[ 9184 5475 12311 8163 6918 13450 9184 6260 776 7556 13450 9184 8222 13450 11614 13450 10307 13450 6814 ]
[ 13450 13450 13450 5235 13450 9597 13450 13000 9939 13450 5019 4288 13450 13450 13450 9894 10839 13079 4601 13450 9661 7302 4600 13450 294 10170 13450 13450 9041 12311 4767 13450 642 7929 13450 13450 13450 13450 13450 ]
[ 13450 4790 13450 295 13450 4478 13450 295 13450 1533 13450 13450 5168 5887 13450 2979 13450 13450 4262 13450 5039 265 13450 13 5039 265 2864 13450 1464 2708 13450 13450 9068 13450 5982 13450 ]
[ 5475 12448 94 13450 12932 7804 ]
[ 13450 6026 13450 13450 7845 13450 7835 8282 3797 11731 13450 11237 13450 13450 10609 13450 9777 13450 7888 2039 13450 13059 1530 13450 493 13450 3214 13450 13450 7888 5284 13450 10491 13450 12926 13450 13450 ]
[ 13450 6199 13450 13450 13450 13450 13450 7973 13450 13450 10160 10307 10975 13450 9461 13450 12887 2293 10307 13450 2933 10077 13450 11067 13450 2293 2933 13450 13450 12311 8935 13450 5571 8065 10307 1807 13450 12818 ]
[ 13450 12448 13450 12239 13450 12695 933 8642 13450 10229 13450 10766 13450 10940 3325 13450 12695 13450 7510 10062 ]
[ 8941 1543 4497 12961 13450 5413 13450 13450 1543 13350 10801 12961 13450 7958 13450 13450 1543 13450 12961 13450 9262 13450 13450 8876 7704 13450 13450 13450 3503 8135 ]
[ 13450 9661 13450 10659 13450 6265 12325 10873 13450 10377 7154 5068 13450 13450 13450 13109 5263 725 13450 13450 13450 13450 994 6265 13450 1840 ]
[ 12694 13450 13450 10751 10998 13450 13450 13450 1253 13450 13171 11802 295 13450 3495 1971 13450 1253 13450 7510 12138 6853 13450 13450 13450 13450 13450 13450 13450 493 7478 13450 13450 1881 13450 2864 13450 9814 13450 2230 13450 13450 13450 12145 10998 8307 10998 13450 11461 493 8968 12448 13030 491 13450 4450 3184 13450 ]
[ 3620 2317 13450 9414 13450 6265 1971 2623 3875 13450 13450 13450 6265 3617 11599 10307 295 13450 13450 6265 3617 7888 791 13450 ]
[ 13450 13450 9809 12311 13450 13450 13450 13450 10488 10789 13450 13450 13366 13450 4932 11948 13450 13450 13450 7888 7289 7034 6527 4932 8004 8201 13450 13450 13450 7888 7289 9203 6527 4932 8004 9260 13450 13450 483 13450 5740 5881 13450 13450 6433 13450 13450 3030 ]
[ 13450 12350 13450 1523 13450 2959 3477 13450 1684 12350 13450 13450 10319 3477 13450 12350 13450 ]
[ 546 8150 13450 13450 13450 10647 13079 13450 11659 13450 4040 13450 13450 3836 12447 4309 7958 12177 13450 7806 13450 1649 11809 13450 13450 7806 13450 711 13450 10459 1966 12055 8150 ]
[ 546 8150 13450 13450 13450 13450 3946 4040 13450 7772 13450 13450 13450 3836 12447 4309 7958 12177 7806 13450 1649 11809 13450 7806 13450 10459 1966 13450 12055 8150 ]
[ 2196 13450 13450 11866 13450 5812 7845 13450 12901 13450 13450 13450 5299 13450 5299 3948 13348 13450 8781 6853 11096 5629 13450 13450 9994 13450 13450 ]
[ 13450 677 13450 12728 11869 1000 13450 13450 677 13450 2552 13450 11577 13298 13450 13298 13450 13450 3620 10501 13450 9443 12930 13450 12055 13171 9443 13450 10959 2944 ]
[ 7791 13450 8929 4327 13450 1600 12683 538 5803 7725 13450 2151 6004 13450 13450 1331 ]
[ 1758 9756 13450 8146 10789 5520 8642 13450 8570 7316 13450 4478 13273 13450 5634 866 10062 8502 13450 6549 8146 13450 13450 2731 13450 13450 3770 1461 13450 13450 1565 13450 8809 13450 5496 11292 13450 1565 13450 12138 98 ]
[ 13450 13450 13450 1511 13450 6961 1565 5523 13450 4753 13450 6615 1158 13450 8301 13450 8876 13450 2864 295 13450 ]
[ 13450 13450 13450 13450 13450 5298 13450 5051 412 12571 5236 8616 13450 2541 12244 13450 9178 3656 13151 13450 13450 12311 13450 7406 1262 11496 13450 1075 ]
[ 2922 6402 13450 7316 13450 933 13450 292 12138 13450 6496 3704 13450 12403 7316 8764 9376 ]
[ 13450 13450 10926 3370 13450 8575 10990 13450 7412 12127 3370 11197 2743 13450 13450 13450 7197 6893 13450 13450 12127 1843 13450 13450 5180 13450 13450 13450 462 347 6459 13450 10656 9761 13450 8288 13450 13450 13450 ]
[ 9542 2412 8976 868 13450 7888 6199 13450 13450 13450 10329 11926 13450 3875 13450 13117 12513 13450 3875 13450 11211 13450 13450 13450 13450 13450 13450 8115 10294 13450 13450 10479 13450 2834 295 13450 7892 ]
[ 13450 4324 13450 10131 11677 13450 10060 3291 12311 8436 13450 2565 13450 803 13450 2950 3358 759 13450 1492 8436 ]
[ 13450 178 13450 7881 2882 13450 7156 13450 13450 9661 13450 10659 13450 13450 13450 680 2550 8866 9882 13450 7388 706 7725 12514 ]
[ 13450 10782 13450 11870 13450 13450 13450 5740 1316 13450 13450 13450 11172 13450 3271 13450 13450 112 13450 12055 8775 12433 13450 9848 8235 13450 203 13450 13450 2243 13450 4838 13450 563 8077 7518 13450 1720 1848 7478 13450 1230 4888 9848 13450 5870 ]
[ 8940 13450 3495 10998 13450 12145 3824 13450 13450 10751 8616 8503 13450 295 12614 13450 13450 13450 13450 12145 3267 2824 13450 13450 8370 4936 1340 13450 2916 2091 13450 2877 8263 ]
[ 13450 1846 13450 13450 292 6711 4539 13450 933 13450 13450 13415 13450 5904 12317 10139 ]
[ 13450 10998 13418 12637 8147 13450 13450 13450 13418 13450 4040 6767 13450 2833 13450 13450 13450 4478 8093 13450 13450 3300 13450 13450 13450 5239 13450 7942 13450 13450 3300 6861 1007 13450 4478 8093 6530 13450 7577 1559 5239 13450 7942 6530 7577 ]
[ 13450 13450 13450 2830 10153 9909 6836 13450 13450 6103 13450 13450 414 10664 5669 13450 6843 8915 10048 13450 9349 ]
[ 13450 2922 6402 13450 13450 2542 8764 3163 13450 2830 13450 7070 13450 12602 3843 13450 7551 13450 1533 12138 6853 13450 10975 13450 3754 13450 295 4871 13450 4772 8163 13450 13450 10638 13450 13450 13450 1909 13450 4644 13450 13450 12255 ]
[ 8793 1377 1084 13450 13450 10599 9905 1029 13450 13450 10533 13450 13450 3353 8055 13450 9622 8055 8793 11809 13450 13450 13450 13450 7360 13450 ]
[ 10307 13450 13450 294 11211 11734 240 13450 7156 13450 12025 13450 10084 374 13450 12557 2539 2731 13450 12403 3160 3254 13450 3160 9042 13450 ]
[ 4339 12127 3370 1189 13450 13450 13450 3299 13450 7080 8436 13450 9136 869 13450 4265 13450 9268 13450 13450 4947 4596 13450 13450 13450 13450 4600 ]
[ 13450 13450 13450 4964 13450 13450 10359 13450 3118 10436 6058 13450 5432 7845 13450 3675 11677 9954 13450 13450 3675 13450 4964 ]
[ 13450 13450 1543 7017 13450 6627 13450 790 13450 13450 7958 1543 11650 13450 10566 13450 1543 1862 13450 6785 13450 1543 12790 13450 13450 13450 2891 13450 6523 1543 4336 ]
[ 10302 9592 3644 10397 6733 13450 1526 10436 13450 13450 13450 13450 13450 2823 13450 13450 13450 5634 10302 13450 13450 4024 13450 10436 13450 3777 295 ]
[ 2705 3655 13450 1538 3184 294 11734 13450 10508 13450 13450 8591 13450 13450 10508 540 13450 1492 3177 13450 2559 13450 5017 12962 13450 7302 13450 13450 13450 1492 3177 2559 12055 13450 8775 13450 6279 ]
[ 8276 2833 8550 13450 5987 4366 9042 4339 13450 13450 13450 12555 2864 9280 13450 3418 11263 13450 13450 5748 9562 2864 295 13450 12957 13450 12176 13450 9550 12145 13450 13450 13450 13450 9269 13450 1031 5335 13450 13450 9511 759 295 4838 13450 9447 13450 7302 295 13450 13450 13000 13450 13450 12493 1093 13450 13450 7908 12138 13450 13450 ]
[ 12321 13450 6989 13450 13450 683 5166 9251 13450 7966 13450 12440 2783 13450 5166 1807 13450 3956 13450 ]
[ 5625 4838 12874 8465 957 8465 12073 13450 13450 13450 1360 4661 13450 2088 ]
[ 8858 13450 13450 8027 13450 10307 2280 10976 620 13450 13450 7888 13058 13450 13450 3872 ]
[ 5274 1607 13450 13450 13450 1958 13450 13450 13450 9191 4863 13450 11631 13450 9856 13450 12694 13450 13450 13450 3640 6652 13450 8618 10043 3063 13450 13450 6754 13171 13450 13450 13450 13450 1565 13450 8612 6966 5645 13171 10549 13450 4366 7772 13450 295 13450 3736 13171 2631 ]
[ 1758 9756 13450 8146 10789 5520 8642 13450 8570 7316 13450 4478 13273 13450 5634 866 10062 8502 13450 6549 8146 13450 2731 13450 3770 1461 13450 13450 1565 13450 8809 13450 5496 11292 13450 1565 13450 12138 98 ]
[ 12959 13450 876 13450 13450 5731 13450 8198 502 13450 5492 13151 7187 13450 13450 13450 8189 13450 10838 13450 10572 6220 6082 13450 13450 13450 7564 4790 295 13450 13450 5812 ]
[ 7046 13450 4601 5475 13450 7055 13450 12169 13450 10642 295 9922 13450 4916 1179 ]
[ 7908 5987 13450 1691 214 8276 13450 13450 3418 11263 13450 9894 2559 9809 13450 13450 13450 11849 13450 13450 3986 13450 10671 11984 8279 13450 9894 8222 13450 8035 11809 1262 13450 11186 1262 13450 493 1262 13450 4465 1565 ]
[ 13450 9661 9268 13450 3160 2094 133 13450 13450 9661 9268 13450 13450 13450 13450 9661 9268 13450 3160 1851 3973 133 13450 13450 5196 13450 13450 3160 9042 ]
[ 4466 13450 8098 7406 4561 497 102 13450 10789 7406 4561 10483 9639 13450 13450 13450 4561 7911 5807 497 ]
[ 13450 13376 13450 13450 13450 10647 3946 4040 13450 7772 13450 13450 13450 3836 12447 4309 7958 12177 7806 13450 1649 11809 13450 7806 13450 711 13450 10459 1966 12055 13450 8150 ]
[ 13450 13450 11123 13450 7601 13450 13450 13450 8006 157 4168 13450 11050 13450 8006 5029 13450 13450 1591 6933 13450 13450 6911 2520 9856 ]
[ 13450 7637 1152 13450 13450 5475 13450 12895 3273 3700 12499 7815 2039 4225 13450 4888 12895 9506 13450 13450 9041 13450 13450 3713 11481 13450 13450 13450 13450 10455 13450 4304 13450 ]
[ 13450 13450 671 1084 5475 7289 13450 13450 12908 13059 13450 4851 13450 13450 13450 13450 12908 13059 13450 4851 13450 13450 12908 10399 13059 13450 4851 13450 13450 13450 12908 13450 13450 13059 13450 4851 13450 13450 12908 13450 13059 13450 7223 5093 13450 4851 13450 13450 6057 13450 12908 13059 13450 9133 12908 13059 13450 4851 13450 13450 6057 12908 13059 13450 9133 13450 12908 13059 13450 4851 ]
[ 13450 1954 13450 11500 10210 13450 4689 13450 13450 13450 13450 2632 3291 13450 6199 13450 8006 4570 2632 6853 13450 9462 ]
[ 7888 10307 8929 13450 13450 9661 13450 10659 13450 13450 13450 13450 13450 6192 12055 11416 13450 13450 7888 13450 11610 13450 9661 7572 240 6192 ]
[ 6265 13450 13450 4528 13450 3996 3160 13450 2513 994 13450 4366 13450 1840 13450 3160 8642 10484 13450 13450 1956 13450 10307 10501 178 13036 13450 5812 13450 10307 295 7302 13450 4553 8098 13450 13450 13450 13450 9661 13450 13450 2797 13450 ]
[ 13450 9661 9669 7655 1954 13450 5475 13450 10368 11147 1080 13450 13059 13450 13450 13450 6682 13450 13450 388 4855 13450 11197 10501 13059 7772 ]
[ 10934 8722 13450 5200 13450 6199 13450 13450 10307 9756 6199 13450 5533 13450 8394 13450 13450 13450 6856 13450 7302 9184 12055 872 13450 9169 13450 13450 13450 1331 4139 7391 3267 295 13450 11476 13450 1189 6486 13450 13450 5112 3267 7929 13450 13450 13450 2538 13171 7302 13450 11025 295 ]
[ 671 1084 5475 7289 13450 13450 12908 13059 13450 4851 13450 13450 13450 13450 12908 13059 13450 4851 13450 13450 12908 10399 13059 13450 4851 13450 13450 13450 12908 13450 13450 13059 13450 4851 13450 13450 12908 13450 13059 13450 7223 5093 13450 4851 13450 13450 6057 13450 12908 13059 13450 9133 12908 13059 13450 4851 13450 13450 6057 12908 13059 13450 9133 13450 12908 13059 13450 4851 ]
[ 12325 13450 6265 13450 10577 4657 13450 13450 12579 2143 13450 13450 2781 10380 13450 12461 13450 9661 13450 325 112 13450 3160 13450 ]
[ 5528 13450 13450 9358 11644 13450 8307 13450 275 10395 13450 6721 8334 13450 11511 10648 13450 7772 13450 5845 3736 13450 6911 3160 1841 13450 4217 6289 13450 ]
[ 3620 1331 13450 6482 3967 10642 2016 13450 8320 13450 8107 1954 13450 5838 13450 10642 6527 13450 13450 13450 13450 2237 13161 8150 13450 1129 13450 13450 ]
[ 7888 13450 122 5166 13450 13450 13450 1741 13450 150 9127 13450 13450 13450 7573 12675 12678 13450 8844 13450 8744 ]
[ 2465 13450 13450 12200 9250 1793 13450 1891 13450 2967 13450 13450 13450 12200 4445 7760 13450 2256 13450 516 ]
[ 11696 4605 12055 13450 6609 8307 13450 13450 5806 13450 608 12819 13450 13450 13450 13450 6911 6175 9856 13450 10685 ]
[ 13450 7919 13450 1405 13450 13040 9042 9311 1084 13450 2280 13040 2865 11724 13450 3778 13450 13450 13040 13450 13450 7919 ]
[ 13450 803 13450 2950 8886 876 303 13450 8358 13450 13450 10124 13450 10988 13450 5870 ]
[ 13450 3774 13450 4702 9184 13450 12773 13450 3434 9588 13450 13450 12926 13450 9622 13450 13349 2253 7701 4838 13450 4601 3434 9522 13450 9622 11196 4601 7835 13450 9622 13450 13349 7302 4718 11084 13450 ]
[ 13450 9661 13450 10659 13450 13450 13450 11040 13450 4202 13450 1268 13450 13450 4466 10939 1080 7171 13450 13450 9909 3617 13143 11428 9743 2797 295 13450 13191 7518 13450 13450 13450 13450 9743 295 ]
[ 13450 11337 13450 204 7518 13450 13450 7908 822 9963 10206 13450 13450 5725 12271 12400 11477 13450 ]
[ 2751 12926 13450 4524 13450 12015 13450 13450 8136 13450 13450 8099 13450 13450 11196 873 9820 3739 13450 2882 13450 12611 ]
[ 13450 13450 13450 13450 10801 13450 7888 13450 7076 10307 4288 13450 13450 13450 11385 13450 13450 39 13450 13450 13450 3254 8911 13450 11473 7725 13450 6573 10307 1741 10990 13450 12699 13450 8263 1565 13450 7888 12385 13450 13450 13029 1240 4859 7776 13450 5634 4859 295 ]
[ 13450 13033 13450 10022 13450 1694 13450 7383 13450 3736 13450 964 13450 7888 1747 13450 2631 13450 4601 13450 13450 3096 10618 ]
[ 13450 12977 13450 6911 2929 13450 12977 4373 13450 11631 13450 12977 11588 13450 6946 13450 12977 11435 13450 10819 13450 5607 13450 4523 13450 10819 5995 10150 13450 10819 5392 13450 10998 11439 ]
[ 4497 12616 11523 13450 5545 2077 13450 2559 13450 5111 13450 12616 13450 13450 5545 12433 13450 12385 2705 13450 13450 13450 7888 4465 4632 13450 13450 856 ]
[ 13450 5475 13450 150 13450 13450 5065 13450 11802 13450 11888 13450 7910 9661 11802 13450 1724 13450 2751 13450 294 13450 9582 13450 13450 5475 10455 13450 3096 9636 13450 12706 ]
[ 5263 10998 4478 1937 11619 13450 10397 8338 556 11802 13450 11282 4478 1937 11619 13450 13450 5065 ]
[ 13450 11063 13450 11644 12505 1909 13450 11034 13450 13450 11644 1890 1909 13450 13410 13450 894 13450 10661 13450 13450 2725 10113 1909 13450 13450 ]
[ 11397 6646 13450 6911 6013 13450 6671 246 13450 13450 13450 13450 7 13450 9749 4955 13450 8006 1120 13450 4498 12992 1176 ]
[ 13450 13450 13450 2401 7252 13450 4168 10200 13450 10782 10087 1031 13450 13450 7223 13450 1596 9894 2504 10850 13450 13450 4888 13450 13450 1758 13450 11809 13450 13450 13450 13450 10922 13450 3164 13450 13450 2735 13294 10922 1262 13450 6854 13450 958 13450 1767 ]
[ 13450 13450 821 5386 13450 13450 194 2552 5957 1189 13450 13450 755 4111 13450 1090 4791 13450 13450 13450 11866 1253 8024 13450 1090 6459 13450 462 13450 2662 13450 2552 13450 4111 13450 12818 13450 13450 8151 13450 13450 7872 13450 3370 13450 2543 9727 ]
[ 7046 13450 4413 13450 13450 13450 13450 5017 11283 12055 13450 178 13450 8787 2882 13450 4288 11283 13450 5419 13450 5795 ]
[ 13450 13450 5015 13450 12527 13450 9184 13450 13450 13450 13450 5015 13450 9743 13151 9749 1331 13450 13450 8911 9626 13450 9950 1840 13450 4923 12901 13450 10304 11280 13450 3214 7379 13450 13450 13450 5881 13450 13450 5015 4923 13450 6853 5645 9743 6963 7783 13450 3617 12527 13450 4578 13450 13450 4600 13450 11965 12527 6440 ]
[ 4562 13450 13450 4923 13450 13450 9590 13450 3214 13450 9303 3809 13450 13450 3809 13450 9313 7845 3576 9590 13450 12385 3809 13450 9590 13450 9985 4758 ]
[ 2891 13450 2565 13450 9620 13450 292 12138 13450 13450 13450 6192 11283 12055 13450 4224 13450 13450 2882 ]
[ 3625 7497 483 13450 4993 10438 7080 8052 13450 10872 13450 10659 12192 13450 8338 13450 13450 10659 13450 236 13450 13450 10772 7181 9939 13450 13450 ]
[ 6999 13450 12529 13450 13450 13450 10656 6970 13450 10307 2938 8887 11322 13450 13450 13450 13450 3370 9553 13450 13450 4600 1352 9389 12668 ]
[ 13450 5046 13450 8862 9520 8158 13450 13450 8862 13450 933 12138 11254 8764 12514 13450 5046 12055 13450 2882 ]
[ 7564 9448 3938 13450 13450 4749 2833 13450 5177 13450 13450 13450 13450 4612 12239 7919 2215 4482 13450 13450 10062 ]
[ 6646 10779 1543 2833 13450 13450 1120 13450 13133 1543 10720 13450 6646 10779 2833 13450 13450 13450 11232 13450 6646 9350 13450 1120 13450 13133 10720 ]
[ 13450 7888 12448 4623 13450 13450 13450 13450 7888 13002 12811 13450 13450 13450 12567 4688 9767 13450 7888 1985 13450 13450 4623 13450 13450 861 6858 ]
[ 13450 7888 9268 8550 13450 10883 13450 2172 13450 13450 8065 8959 13450 2672 13450 3754 13450 2172 13450 13450 13450 1095 13450 4024 13450 13450 13450 13450 10522 13450 8006 1724 13450 2751 13450 8065 13450 2933 4810 13450 7888 3765 3754 13450 13059 8163 ]
[ 13450 13450 13450 575 9906 12402 13450 9443 13450 5697 10647 9073 9736 4601 13450 13450 13450 13450 4141 ]
[ 3341 6297 13450 11500 885 6459 13450 525 10648 6459 13450 13450 13450 8873 13450 13450 13450 6297 4866 2293 13450 13450 12886 13450 6199 ]
[ 3625 13450 6265 3383 13450 13450 13450 13450 10217 13450 3160 13450 10717 13450 10638 13450 13450 9661 13450 13450 7835 13450 7677 13450 13450 13450 9042 13450 12037 13450 4619 10281 13450 5634 4993 13151 13450 9174 11599 13450 10862 11496 4916 1075 13450 388 335 ]
[ 7888 13450 6265 13450 13450 13450 3453 13450 13450 13345 13450 6265 2126 13450 13128 13450 11926 13450 3617 13450 6265 2126 2124 13450 12055 13450 6963 4600 13450 4366 12403 6265 13450 13450 1230 10998 2834 13450 295 13450 1331 13450 13450 10998 9975 12514 13450 13450 13450 13450 13450 462 13450 13450 13450 293 6459 13450 994 13450 4916 1840 13450 13450 10998 2834 13450 295 11496 13450 1075 ]
[ 6280 13450 11500 13450 12678 13450 5992 13450 13450 10789 13450 11474 265 2091 ]
[ 13450 13450 1439 3123 11773 13450 13450 13450 13450 6829 13450 12998 13450 1805 13450 13450 3649 4642 13450 1945 1074 13450 4601 1069 8940 948 13450 1447 13450 13450 8940 750 13450 5106 ]
[ 13450 2735 13450 13450 1439 3123 11773 13450 13450 13450 13450 6829 13450 12998 13450 1805 13450 13450 3649 4642 13450 1945 1074 13450 4601 1069 8940 948 13450 1447 13450 13450 8940 750 13450 5106 ]
[ 13450 13450 13450 1439 3123 13450 2735 7919 13450 13450 13450 1439 3123 11773 13450 13450 13450 13450 6829 13450 12998 13450 1805 13450 13450 3649 4642 13450 1945 1074 13450 4601 1069 8940 948 13450 1447 13450 13450 8940 750 13450 5106 ]
[ 1439 3123 11773 13450 13450 13450 13450 6829 13450 12998 13450 1805 13450 13450 3649 4642 13450 1945 1074 13450 4601 1069 8940 948 13450 1447 13450 13450 8940 750 13450 5106 ]
[ 1439 3123 11773 13450 13450 6829 13450 12998 13450 1805 13450 13450 3649 4642 13450 1945 1074 13450 4601 1069 8940 948 13450 1447 13450 13450 8940 750 13450 5106 ]
[ 13450 10642 11153 13450 1724 1080 10638 13450 13059 10014 13450 13450 13450 2172 6906 13450 10753 13450 13450 13450 13450 7919 12055 2435 7400 ]
[ 11500 5297 13450 13450 5017 5297 13450 13450 7919 10789 13450 13425 13450 13450 13450 4912 12419 13450 8358 13450 10751 6058 13450 902 13450 10751 6058 11211 13450 12548 13450 2142 ]
[ 13450 7347 13450 1543 1945 13450 6973 12055 2882 1064 7958 12926 13450 13450 8550 13450 13450 13450 5259 13450 13450 4684 7919 13450 1543 1945 13450 8834 372 13450 12926 13450 8221 13450 11058 13450 9797 13450 13450 12908 13450 ]
[ 2781 13450 9636 13450 11724 13450 13450 13450 2126 5196 13450 13450 4718 13450 7302 13450 13171 13450 3123 13450 7097 13450 6459 13450 6265 13450 10717 13450 11724 6459 12055 12176 13450 13450 13337 13450 12579 10789 1252 13450 10377 13450 3658 12579 13450 13450 10717 13450 7080 13450 6331 13450 9592 13450 10524 13450 13450 12579 13450 2143 7821 12325 13450 13450 1667 13450 13450 13337 ]
[ 3123 13450 7919 13450 6612 13450 13450 12567 13450 1439 3123 13450 2735 7919 13450 13450 13450 13450 6829 13450 12998 13450 1805 13450 13450 3649 4642 13450 1945 1074 13450 4601 1069 8940 948 13450 1447 13450 13450 8940 750 13450 5106 ]
[ 13450 13450 13450 13450 8091 6402 13450 5594 2124 13450 12751 2124 13450 13450 13450 5023 2124 13450 1380 2124 13450 13450 12311 4230 13450 1262 6402 13450 13450 13450 13450 5639 13450 2124 13450 4242 2124 13450 9572 2124 13450 4667 2916 2124 13450 791 2124 ]
[ 1439 13450 3123 11773 13450 13450 13450 6829 13450 12998 13450 1805 13450 13450 3649 4642 13450 1945 1074 13450 4601 1069 8940 948 13450 1447 13450 13450 8940 750 13450 5106 ]
[ 13450 13450 2396 2833 8550 13450 6265 13450 11738 13450 7082 13450 3160 9042 8861 13450 2906 13450 10550 2470 10307 10501 13450 11211 13450 11385 ]
[ 11480 13450 3928 13450 5468 13450 10091 1064 13450 5695 13450 1277 4456 1285 4639 13450 556 4448 9736 8459 ]
[ 7046 13450 13450 11875 10647 11877 13450 10711 13450 13450 13450 8281 13450 8009 8764 12296 ]
[ 13450 7637 1152 13450 13450 13450 13450 1543 2779 13450 11337 2270 13450 10419 13450 13199 12499 5995 1832 13450 12085 13450 13450 ]
[ 13450 13450 13450 921 13450 13450 13450 3056 5610 13450 8098 13450 1405 13450 5533 13450 10187 13450 13450 5902 1161 13450 12127 7590 102 11423 13450 924 3433 7289 13450 13040 13450 13450 9042 13450 10789 7590 11423 1252 ]
[ 10396 13450 9661 13450 9034 13450 5051 13450 8234 8061 13450 10132 10115 13450 13450 7919 13450 4503 13450 13450 7919 13450 10760 ]
[ 13029 1152 13450 13450 13450 236 6328 13450 13450 194 2552 13450 1090 6459 13450 13450 7869 13450 2552 7045 5298 13450 4111 1253 1000 13450 6459 13450 13450 462 13450 9622 2552 10236 9640 13450 13450 3370 13450 9774 ]
[ 11040 9443 2708 13450 11696 7322 13450 5036 13450 13450 1000 7845 13450 13450 4962 13450 5738 13450 1533 10087 7846 9743 295 13450 13450 2949 10087 8108 13450 13450 3770 13450 3336 9743 7920 10087 13450 13450 13450 ]
[ 7388 13015 7452 13450 13450 2915 13450 13450 13450 12015 11857 13450 9770 10060 7452 2915 13450 13450 9768 13450 13450 12015 6232 13450 2745 7452 2915 13450 10397 8550 13450 8011 7452 2915 ]
[ 10648 9592 13450 13194 6658 3160 2834 13450 10648 13450 294 10549 13450 12579 13450 9443 4309 1813 3160 1431 13450 13450 13170 13450 13268 13450 10789 13245 13170 13450 6220 13450 8098 5838 13450 13450 5935 13450 2834 13450 10645 13450 2933 8004 13450 1252 13450 12886 13450 8515 13450 13450 13450 13337 13191 13450 13450 13450 2237 8539 13450 13450 13450 12439 13450 13450 2830 13450 9831 2933 13450 13450 11283 12886 13450 ]
[ 12333 10988 13450 13450 13450 13450 9661 5065 13450 8369 12333 13450 11984 10104 13450 13450 13450 13450 9661 5065 13450 8369 12333 13450 1538 1240 4217 ]
[ 13450 7888 13345 13450 6265 2126 13450 13128 13450 11926 13450 3617 6265 13450 2126 2124 13450 12055 13450 6963 4600 13450 3617 6265 13450 9120 13450 4366 12403 6265 13450 13450 1230 10998 2834 13450 295 13450 1331 13450 13450 10998 9975 12514 13450 13450 13450 13450 13450 462 13450 13450 13450 293 6459 13450 994 13450 4916 1840 13450 13450 10998 13450 2834 13450 295 11496 13450 4916 1075 ]
[ 329 4124 13450 13450 4235 4534 13450 13188 13450 9542 13345 10477 204 13450 13117 12513 13450 204 7388 13450 2565 6684 8968 ]
[ 13450 12448 13450 1953 12138 13450 1405 13450 9081 13450 13450 5995 13450 12448 12119 12138 13450 12956 13450 11629 13450 13450 5995 13450 12448 7888 12138 13450 829 13450 13450 7919 13450 3713 13450 5166 5995 13450 13450 13450 13450 13450 9507 13450 13450 8490 13450 10998 3123 13450 4859 10278 13450 556 13171 13450 8872 13450 295 ]
[ 5279 13450 5475 13450 11954 8146 3778 13450 13450 12403 112 13450 1331 13450 12403 8584 13450 10307 335 13450 6893 2146 13450 8178 13450 4848 13450 13450 11954 3778 13450 13450 13450 ]
[ 10548 13450 6082 4876 13450 4916 12413 13450 13450 4867 10646 6291 13450 4201 7631 13450 13450 3774 9848 12491 9071 ]
[ 13450 13450 3957 1961 4125 13450 13450 3822 1961 13450 11001 1961 482 6363 1071 11130 6923 9120 ]
[ 13450 7888 13450 6265 13450 9626 13450 1840 13450 7888 13450 6265 13450 13450 13450 3453 13450 13450 13345 9152 6265 13450 13128 13450 11926 13450 3617 13450 6265 2126 2124 13450 12055 13450 6963 4600 13450 3617 6265 13450 9120 13450 4366 12403 6265 13450 13450 1230 10998 2834 13450 295 13450 1331 13450 13450 10998 9975 13450 13450 13450 13450 13450 13450 462 13450 13450 13450 293 6459 13450 994 4916 1840 13450 13450 10998 2834 13450 295 1352 13450 4916 1075 ]
[ 13450 540 13450 10692 13450 13450 10688 11936 13450 11476 13450 10688 674 10091 13450 13450 10091 13450 2268 10688 674 309 13450 ]
[ 6021 7207 4230 6402 13450 5594 2124 13450 12751 2124 13450 13450 13450 7888 9268 8550 13450 4242 2124 13450 13450 5639 13450 2124 13450 13450 8338 13450 9572 2124 13450 4667 2916 2124 13450 10164 2124 13450 791 2124 13450 13450 8550 13450 ]
[ 13450 8929 13450 13450 2813 13450 7600 13450 13450 335 4772 1708 13450 10998 7302 6741 13450 6321 13450 3160 3254 13450 11984 982 7888 13450 214 13450 112 9541 13450 2110 13450 7888 13450 388 577 13450 293 13450 13450 8123 13450 6912 13450 13450 2110 13450 7888 13450 13450 13450 13450 293 6459 11496 13450 1075 13450 8123 13450 6912 ]
[ 13450 3030 10801 13450 3536 2813 13450 13450 9661 13450 10659 13450 13450 13450 6436 3080 12403 13450 9661 13450 521 9669 6741 13450 9622 2280 13450 13188 13450 7888 13450 13450 11984 1262 13450 13450 9977 4217 1262 13450 13450 ]
[ 13450 13450 10801 13450 13450 7888 13450 7031 8052 13450 5741 10992 2439 13450 13450 13450 13450 2830 13450 2347 13450 8479 5741 10992 2439 13450 13450 178 13450 4165 4780 13450 416 ]
[ 13450 9649 12385 13450 7045 9856 13450 13171 8370 4758 13450 13450 13450 2929 13450 9176 2955 13450 6946 13450 11435 11588 13450 6833 13450 6754 1331 4758 13450 13450 2164 12694 13450 6577 13450 4691 13450 6966 8094 13171 10549 13450 9398 9699 13450 2891 1607 13450 13450 13450 5923 12138 6853 13450 13450 13450 13450 13450 1565 13450 724 13450 493 13450 5860 13450 10891 13450 13450 1565 13450 12769 13450 11186 ]
[ 13450 13450 8873 5952 13450 11149 13450 13450 12148 1329 13450 5080 7388 13450 13450 525 13450 2280 13450 10642 10307 13450 1971 2735 13450 1532 11677 13450 6585 ]
[ 1736 374 13450 11500 13450 2489 1084 13450 8006 5263 11500 11832 13450 5458 13025 13450 4601 2293 8959 11065 13450 10491 ]
[ 1731 1754 13450 11296 5475 4863 12995 1532 7989 13450 13450 12739 5789 13450 12889 13450 13026 13450 6860 13450 13450 12889 13450 13450 9789 6531 10017 13450 6531 1809 12889 13450 2354 7289 13450 4718 4851 ]
[ 13450 1463 13450 4243 13450 6331 13170 8927 739 13450 13450 7985 13450 13450 3555 10087 13450 9907 13450 13450 13450 971 13450 13450 7888 1857 8182 861 5432 ]
[ 10801 13450 13450 9661 13450 10659 13450 13450 13450 10899 3168 13450 13088 7035 12668 13450 1000 7845 13450 5351 12685 13450 13450 12016 13450 13450 13450 13450 13450 6882 9759 13151 13450 13015 786 13450 6376 9291 ]
[ 13450 9661 13450 7388 3830 13450 13450 8960 10789 13450 13450 1950 13450 13450 9679 10642 13450 8076 13450 13450 9770 10060 9736 10436 4851 13450 10307 13450 13450 12005 13450 4747 ]
[ 13450 13450 5475 8002 13450 13450 9379 13450 9448 13450 13450 7046 4064 10062 13450 2706 13450 13450 12938 9448 13450 12959 13450 13450 5595 13450 13450 4413 13450 2706 11574 6402 13450 11574 8550 13450 4859 2891 13450 10610 13450 1163 13450 13450 2706 294 13450 8131 ]
[ 13450 13450 10642 6981 13450 13450 13450 4675 13450 934 6459 13450 12051 13450 13450 11325 7475 13450 7388 5289 5396 13450 13450 12275 13450 12005 10975 13450 4366 13450 13450 11734 7888 13450 13450 10062 7452 8959 13450 3291 1981 13450 ]
[ 13450 13450 13450 8077 8775 13450 13450 13261 11629 13450 13450 1874 13450 4265 5337 13450 2248 13450 3614 970 13450 13450 7223 13450 13233 13450 2930 7223 13450 9498 13450 3273 6220 ]
[ 525 13450 4537 13450 13450 13450 5017 13450 2126 6058 13450 11500 13450 13450 13450 11643 13450 10789 13450 13450 204 8992 13171 13450 13450 7095 13037 13450 10789 12901 12138 2126 13450 9020 ]
[ 2544 13450 9622 13450 13450 755 13450 13450 13450 2174 13450 13450 13450 5439 12006 13450 2544 13450 9622 11102 13450 2544 246 994 4919 13450 9622 246 13450 994 13450 9622 12006 2544 13450 13450 13450 8503 7845 13450 11898 9622 13450 2451 6440 2544 13450 2451 13450 12773 13450 9622 13450 13450 2544 13450 9622 13450 2959 2544 13450 13450 13450 9622 13450 246 13450 2544 2451 10217 6440 9622 2451 13450 12773 ]
[ 805 9512 6459 13450 13450 6658 13450 13450 4133 13450 13088 6265 13450 6236 13450 3475 12646 13450 13450 13450 13450 4684 9570 13450 509 13450 10397 12192 13450 13450 13450 10656 4483 13450 4405 5377 ]
[ 8146 12702 4498 13450 10766 13450 12872 13450 4413 13450 11437 13450 7046 13450 12436 13450 8862 13450 6458 13450 12977 6011 13450 13450 13450 ]
[ 13450 11627 6405 6811 13450 7888 4823 197 13450 13450 1137 7888 8260 13450 2735 13450 3550 1945 13450 13450 13450 9930 13450 13450 13450 7388 872 13450 7536 2565 13450 13450 11809 ]
[ 13450 8543 13450 2706 10656 423 13450 13450 13111 13450 11085 13450 13450 9523 13450 13450 13450 6172 2083 1253 13450 11798 13450 2039 3123 13450 4277 13450 10538 13450 8068 1565 13450 13450 12977 1362 ]
[ 13450 13450 7888 13450 1724 13450 2751 13450 2172 10705 13450 8065 8959 13450 10210 13450 10782 13450 150 13450 9777 13450 11888 13450 2842 13450 294 13450 9203 337 8959 13450 12577 12501 13450 10805 11376 13450 10210 13450 10782 ]
[ 479 13450 13450 10484 9930 5010 13450 10829 13450 7388 4408 6827 11966 13450 13450 13450 10366 11478 13450 13450 7838 ]
[ 13450 7388 1971 10377 3370 11385 13450 9743 13450 13450 4546 13450 13450 4923 2237 7388 509 13450 9291 13450 525 1971 10377 3370 10871 13450 9743 13450 13450 10035 8996 13151 13450 9810 13450 13450 13450 8698 2574 13450 13450 13311 12886 9636 13450 10071 13450 2100 1863 6199 ]
[ 5279 13450 4234 13450 4408 275 13450 13450 13450 451 13450 2540 13450 4282 13450 6142 13450 6674 13450 1027 13450 13450 5097 3967 13450 4234 4408 275 13450 11084 13450 7912 ]
[ 13450 9661 13450 10659 13450 13450 13450 11255 3815 13450 2396 13450 6459 335 4675 3254 13450 12365 4243 925 3254 8911 203 ]
[ 3370 4168 5479 933 13450 13450 13450 13450 933 13450 13450 1084 13450 3130 13450 13450 9749 7440 4502 13450 9704 13450 1084 13450 1080 13450 13450 9224 13450 6128 13450 13450 615 13450 9042 13151 933 7294 8370 13450 9738 13450 13450 13450 10242 13450 8534 13450 6128 5044 13450 2891 514 ]
[ 13450 13450 7388 6564 13450 1306 2933 7823 13450 2933 13450 13450 3475 6270 4317 13450 13450 6270 7393 13450 1532 7989 8338 13450 13450 12193 7989 13109 13450 13450 13450 13450 13450 13450 3449 13450 9492 13450 9910 ]
[ 13450 11337 13450 204 7518 13450 13450 822 9963 10206 13450 13450 5725 12271 12400 11477 13450 13450 2196 13450 13450 9909 10206 9028 4053 5292 13450 5725 11477 ]
[ 13450 13450 13450 4166 249 13450 7995 6527 3456 10782 9669 13450 10599 3096 1720 13450 10618 13450 4366 3380 6527 11423 13450 13450 9669 13450 13450 2761 13450 13430 13450 5633 13273 13450 5214 10556 13450 11574 13450 13450 13450 6527 3030 13450 8397 13450 3736 13450 9453 13450 12687 13450 13450 ]
[ 13450 3111 12164 13450 13450 9661 13450 12193 9376 13450 6265 13450 13450 9882 13450 13109 13191 5795 13450 13450 525 13450 11500 13450 6280 13450 7888 13450 6192 13450 10307 1541 11496 13450 7223 13450 488 13450 525 13450 11500 13450 6280 13450 7888 13450 12193 13450 8515 13188 13450 10118 13450 6192 13450 10307 13450 11944 13450 13191 5795 13450 8515 13450 ]
[ 13450 13450 9641 12098 13450 13450 13450 10232 13450 3254 13450 10374 13450 13450 13450 7919 4834 13450 3659 13450 3827 13450 13450 13450 13450 9622 8146 3456 10635 8621 12415 13020 1336 10444 13450 13450 13450 1336 6400 13450 4498 6459 ]
[ 13450 5697 9443 13450 1000 13450 13450 1398 2457 13450 12246 2237 13246 4498 13450 13450 13450 9883 8882 7402 10975 13450 11250 13450 861 11060 9039 6459 13450 8819 13450 13450 10782 9386 13450 13450 12780 13450 10258 7402 13450 13450 10975 13450 861 11060 6459 13450 8745 13450 107 13450 4718 10217 ]
[ 13450 13450 13450 4859 12888 9301 7982 12045 1988 13416 13161 13450 13450 13450 7889 7359 1326 12045 10113 13450 13450 13450 12045 10113 10815 13161 13450 13450 ]
[ 9743 10664 13450 4028 13450 13450 970 13450 13450 6906 2778 13450 3273 13450 5564 13450 1014 11183 13450 13450 13450 8793 2480 5957 2281 4574 13450 1029 4028 3824 2480 11069 12055 8793 11809 13450 2480 ]
[ 13450 13450 13450 13450 13450 2830 9705 13450 9669 7655 2532 13450 10217 13450 7995 10575 10217 5583 3456 13450 2532 13450 13450 13450 13450 3899 13450 13450 11008 13450 12055 2501 13450 11032 13450 9761 7360 13450 9669 984 13450 2458 ]
[ 9028 7154 1038 13450 13450 2026 13450 2204 10753 8748 246 13450 8276 13450 10307 13450 13450 13450 3778 5593 4002 6944 13450 13450 7017 13450 9954 6317 13450 9506 13450 173 13450 13450 13450 13450 8077 13450 5156 13450 2631 8115 8358 13450 13450 13450 13450 9039 7017 ]
[ 13450 9661 13450 4413 271 6082 13450 13450 13450 13450 13450 11096 13450 9661 1240 13450 8147 13450 360 283 10747 8567 85 13450 13450 2706 13450 13450 933 85 13450 13450 13450 13450 10307 7573 13133 4413 13450 13450 10934 3291 13450 13450 5051 12055 12394 3704 13450 5704 3617 4413 4217 1262 13450 12944 9736 11574 ]
[ 13450 11696 13450 1195 13450 10744 13450 13450 13450 13332 13450 13450 462 13450 10118 13450 9042 13450 13450 10489 9622 11577 712 8995 11006 2863 13450 13450 13450 8915 3402 13450 1839 6853 13450 13450 4659 11341 ]
[ 5072 13450 3990 13450 367 13450 9743 4600 13450 12413 13450 13450 13450 10862 13450 13450 13450 367 13450 9743 13450 12210 13450 9533 13450 13450 13151 9269 7762 13450 13450 13450 367 9759 4600 1543 29 7772 13450 13450 5042 13450 13450 7841 13450 13450 13450 5538 1452 13450 11678 1971 13450 5072 13439 13450 13450 8745 5072 13450 13450 9285 4600 13450 6596 2614 9896 ]
[ 5475 13450 8396 5859 13450 13450 9661 13450 1938 12423 13450 13450 2268 7888 13058 13450 8679 12403 7678 7888 13298 13450 3254 13450 13450 13450 3254 13450 13450 13450 7678 5199 12055 13450 5310 9822 12267 13450 688 13450 7243 ]
[ 4553 8098 13450 13450 13450 13450 9661 13450 13450 2797 13450 13450 5838 13450 12055 7554 2552 2797 13450 2979 5564 13450 4600 13450 3625 13450 4888 8940 13450 8293 13450 2891 12614 13450 10412 556 13450 4460 13450 13128 13450 178 13450 462 10998 4993 533 13450 8682 13450 8249 5773 11279 13261 7097 13450 13010 10862 13450 10547 13450 13450 13450 13450 9174 8249 5564 13450 6878 8364 1352 13450 1075 ]
[ 1851 3973 12546 13450 2531 5120 528 11069 13450 11006 4060 12546 10134 8007 2537 13450 13450 4923 9096 10210 13450 13450 9743 6826 2347 4507 13450 10418 7829 13450 7161 3286 257 13450 2830 13450 13450 9939 ]
[ 13450 13450 780 13450 12573 13450 13450 1084 13450 10307 6440 13450 5051 2844 13450 11825 3291 9647 12546 872 12439 13450 13450 2830 11825 13450 12198 12546 8500 9939 13450 13450 2844 13450 11825 12546 13450 8816 294 12886 13450 13450 13450 872 12439 13450 13450 1971 5051 4389 13151 9743 13450 2844 13450 11825 13450 11734 2574 127 13450 13450 13450 2574 127 13450 13450 13450 13450 13450 13450 13450 13450 13450 9661 13450 10659 13450 13450 4632 8899 12546 13450 13450 13450 13450 13450 1543 11212 13450 13450 13450 8460 921 13450 4632 8899 12546 13450 13450 13450 ]
[ 2705 3713 13450 13450 3320 13450 9094 491 13450 10858 5855 13450 13450 10508 13450 11523 13450 3823 7542 13450 8490 12244 13450 10942 9702 7216 13450 3214 13450 13450 6279 13450 690 13450 13450 3320 493 13450 3352 7199 13450 9094 491 13450 1538 7199 13450 11235 13450 13450 4602 3713 13450 13450 6249 13450 10931 ]
[ 13450 13450 9120 13350 7845 13450 493 4718 13450 13450 13450 3620 13450 12055 13450 13450 515 8906 13450 5118 13450 5928 13450 11574 13450 13450 13450 13450 13450 9737 13450 13450 13450 13450 3620 515 10891 13450 12961 7383 13450 10614 13450 9790 2364 13450 13450 13450 8004 10384 13450 13450 13450 1758 13235 13450 12790 3363 5166 13450 2929 13450 3559 13360 13450 8874 13450 5403 3605 13450 13450 1891 13450 4269 13450 5865 677 13450 13450 677 9809 11077 13450 9793 677 10094 12222 13450 5807 13450 12645 13450 4354 13450 13450 5043 3483 13450 ]
[ 8146 6440 13450 780 13450 2727 9311 13450 13450 13450 2727 13450 8235 11642 2421 4600 8588 13450 13450 13450 1084 13450 13450 8386 13450 13450 1398 13450 6459 7130 2421 13450 13450 13450 1398 45 1048 13450 6697 13450 5269 9386 13450 3875 13450 6947 13450 1662 5269 13450 7002 9386 ]
[ 7888 3957 13450 5738 4125 5806 13450 13450 13450 9661 10636 7888 3957 13450 5738 1700 5335 8775 13450 11083 13450 10636 6213 8116 5301 3300 9851 8147 13450 9759 9841 2199 13450 7919 13450 13450 13450 12222 2801 4933 2923 3300 13450 13450 13450 13450 1253 13450 6213 4112 7231 12523 11725 6938 2107 ]
[ 10801 7841 13450 8584 13450 3536 893 13450 7046 4600 2243 13450 9661 13450 10659 13450 13450 13450 13450 13450 9669 203 13450 13450 7145 13450 3254 13450 10789 13450 13450 7046 4600 13450 7929 10170 13450 7976 13450 13450 9661 7046 9815 10062 1329 5807 5051 13450 13450 13450 1966 13450 9815 1538 13450 11809 5807 5520 10062 13450 13450 13450 13450 9661 5634 7046 11215 3518 295 13450 12138 3873 13450 1573 3736 13450 13450 13450 13171 3996 13450 9520 5396 13450 4932 8872 13450 10412 1240 11984 1262 13450 13450 13450 ]
[ 13450 13450 13450 8517 11325 3675 13450 525 13450 4741 13450 9666 294 13450 9560 525 4230 13450 6658 525 13450 13450 3435 13450 2166 13450 4741 6134 9560 525 4230 6658 10642 13450 3435 13450 13450 13450 13450 13450 13450 13450 8043 13450 10642 10307 13450 525 9384 10642 5488 13450 13450 ]
[ 8517 11325 3675 13450 525 13450 4741 13450 9666 294 13450 9560 525 4230 13450 6658 525 13450 13450 3435 13450 2166 13450 4741 6134 9560 525 4230 6658 10642 13450 3435 13450 13450 13450 13450 13450 13450 13450 8043 13450 10642 10307 13450 525 9384 10642 5488 13450 13450 ]
[ 13450 9735 13450 1971 13450 822 6786 3380 13450 11423 9135 11423 1262 13450 5720 5748 7302 295 13450 13450 9042 13450 85 13450 13450 13450 9743 13450 9142 13450 13450 13450 2455 1158 13450 10206 13450 13450 13450 1461 6853 1966 13450 13450 13450 13450 4888 3370 13450 13450 13450 13450 11809 13450 7666 1080 6086 7392 13450 13450 12733 13450 13450 9832 563 10452 1252 13450 9636 13089 6853 7518 13450 347 9541 2041 13450 13450 10872 6038 6213 294 13450 2649 9511 12348 5051 7422 ]
[ 13450 12448 13450 13450 295 2443 13450 13450 6402 13450 13450 493 13450 13450 13450 11230 13450 493 13450 13450 6402 13450 10611 6461 13450 9851 11574 12448 13450 493 13450 3490 13450 12748 13450 4324 13450 5634 13450 4324 13450 12977 3123 13450 13450 7526 316 13450 6911 6027 1607 13450 11188 4484 3020 1705 13450 2553 9626 13450 1693 6402 13450 3157 295 13450 9636 2509 13450 3123 13450 6082 13450 13450 13450 13450 6402 13450 13450 611 13450 13450 13450 3527 13450 10862 13450 13450 13450 12926 13450 13450 13450 7443 6402 13450 13450 1265 13450 3123 10571 13450 7888 2039 3123 13450 3553 5432 ]
[ 11724 13450 2781 13450 3160 13171 13450 4718 13450 7302 13450 13171 13450 3123 13450 7097 13450 9636 301 12055 12176 13450 11496 11707 13450 10377 13450 3658 12579 13450 13450 10717 13450 7080 13450 6236 13337 13450 13450 13450 13450 13450 6331 12579 13450 10524 13450 7302 13450 13171 9592 11282 10524 13450 10302 9592 9622 10524 13450 13450 12579 13450 10436 13450 13450 986 13450 13450 12579 2143 4764 12325 13450 62 13450 6236 6265 12033 13450 13450 13337 8419 3386 ]
[ 13450 13450 13450 525 8658 13450 11675 5628 6032 6402 13450 5017 5298 9042 8517 11325 3675 13450 1058 9560 525 4230 13450 13450 13199 9384 10642 5488 13450 7753 5017 13450 525 ]
[ 525 8658 13450 11675 5628 6032 6402 13450 5017 5298 9042 8517 11325 3675 13450 1058 9560 525 4230 13450 13450 13199 9384 10642 5488 13450 7753 5017 13450 525 ]
[ 6331 13450 6440 13450 13450 13450 4358 13450 335 13450 13450 5952 9503 13450 4465 11734 6331 10307 8929 13450 13450 8929 13450 6765 8929 13450 5615 7579 13450 8822 11658 13450 10232 187 13450 13450 13450 12325 13450 5269 13450 13450 10307 8929 13450 11028 13450 6440 3536 2813 13450 2567 13450 13450 3536 2813 13450 11028 13450 6440 3536 13450 2813 13450 10716 13450 6137 3405 13450 13450 5957 7284 13450 12098 13450 12325 13450 2567 13450 13450 6765 8929 13450 11028 13450 6440 6765 13450 5952 9503 13450 2567 13450 13450 13450 13450 6331 13450 6440 13450 347 7725 9503 13450 10377 13450 9503 13450 10332 ]
[ 13450 13450 753 4167 13450 7835 13450 13450 13450 6643 5346 5455 9721 9264 13450 13450 13450 5900 7098 12024 4770 11162 451 845 7857 13450 4601 4770 451 3116 9068 4791 13450 6061 13450 4904 2303 13450 13450 13450 10659 13450 13450 13450 13450 1157 10109 13450 2833 5346 3815 8550 13450 13450 13450 13450 11955 13450 2 13450 13450 13450 13450 13450 4601 13450 6082 13450 13450 1462 13450 ]
