[ 11 11 8 11 11 11 11 11 11 8 11 11 11 8 11 11 8 ]
[ 11 11 11 11 1 10 8 11 11 11 11 11 11 11 8 11 8 ]
[ 11 8 11 1 10 8 11 11 11 11 11 11 11 8 11 8 ]
[ 8 11 11 11 11 8 11 11 11 8 11 11 11 11 11 2 11 11 11 11 8 11 ]
[ 11 8 11 11 2 11 11 11 11 8 8 11 11 8 11 11 8 8 8 8 ]
[ 8 11 11 11 11 8 11 11 11 8 11 11 11 2 11 11 11 11 8 11 ]
[ 11 11 11 11 11 8 11 11 11 11 11 11 11 8 11 11 11 11 11 11 8 8 11 11 11 11 11 11 11 11 11 ]
[ 11 11 11 11 11 8 11 11 11 11 11 11 11 8 11 11 11 8 11 8 11 8 11 11 11 11 11 11 11 11 11 ]
[ 11 1 11 11 11 8 11 11 11 8 11 ]
[ 11 11 11 11 11 11 2 11 11 11 11 8 11 11 11 11 11 11 11 11 11 11 11 8 11 11 11 11 11 8 8 11 8 ]
[ 8 11 11 11 8 11 11 11 2 11 11 8 11 11 11 11 11 8 11 11 11 11 11 1 8 11 11 ]
[ 1 11 11 11 11 8 8 11 8 11 11 11 11 11 8 11 11 11 11 11 8 ]
[ 11 2 11 11 11 11 11 11 11 11 8 8 11 11 ]
[ 8 11 11 11 11 11 11 10 11 11 11 ]
[ 8 8 11 11 11 11 11 11 11 11 11 8 8 8 ]
[ 1 11 8 11 8 11 8 11 8 11 11 11 11 11 ]
[ 11 11 11 8 11 11 11 8 8 11 11 8 8 11 8 11 11 11 11 11 11 8 8 11 11 11 11 8 8 11 8 11 8 11 8 11 11 11 11 ]
[ 11 11 11 11 8 8 8 11 11 11 11 11 11 8 11 8 8 ]
[ 11 8 11 11 8 11 11 11 11 11 11 11 8 11 ]
[ 8 11 11 11 11 11 8 11 11 11 11 8 11 11 8 11 11 8 11 11 11 8 11 ]
[ 11 11 8 8 8 11 11 11 11 8 11 8 11 11 11 11 11 8 11 ]
[ 1 11 8 11 11 8 11 11 11 1 8 11 8 11 8 11 11 11 11 11 11 11 8 8 11 11 11 11 11 11 11 8 11 11 8 11 11 11 11 11 ]
[ 11 11 11 11 11 11 8 11 11 11 11 8 11 11 11 11 11 11 8 11 8 ]
[ 11 11 11 11 8 11 11 8 11 11 11 11 11 8 11 11 11 11 11 11 8 11 8 11 11 11 11 8 ]
[ 11 11 11 11 11 11 11 11 8 8 11 1 11 1 11 11 8 11 11 11 11 ]
[ 1 11 2 11 11 8 11 11 8 8 11 11 11 1 8 11 8 11 8 11 11 11 11 11 11 11 11 8 11 11 11 11 11 11 11 8 11 11 8 11 11 11 11 11 ]
[ 11 11 11 11 11 11 11 8 11 11 11 11 11 11 8 11 11 8 11 1 11 8 11 8 11 11 11 ]
[ 11 11 11 8 11 11 11 11 8 11 8 11 8 11 11 11 11 11 11 11 11 ]
[ 8 11 11 11 11 8 8 11 11 11 8 11 11 11 11 8 11 11 8 11 11 11 8 11 11 8 11 ]
[ 1 11 11 8 8 11 11 11 11 8 11 11 11 11 ]
[ 11 8 11 11 11 11 11 11 11 11 11 11 8 11 11 11 11 8 11 11 11 8 11 11 8 11 8 11 11 ]
[ 11 8 8 11 11 11 8 11 11 8 11 8 11 ]
[ 11 11 11 11 11 11 8 11 11 8 11 11 11 ]
[ 11 8 11 11 11 1 11 11 11 11 8 11 11 11 11 ]
[ 11 11 11 11 8 11 11 11 11 8 11 11 11 11 11 11 11 8 11 11 11 11 11 8 ]
[ 11 11 11 11 11 11 11 11 11 8 11 11 11 8 11 11 11 11 ]
[ 11 11 11 11 8 11 11 11 11 11 11 11 11 ]
[ 11 11 11 11 11 8 11 11 8 11 8 11 11 11 11 8 11 11 11 11 11 11 11 ]
[ 11 11 11 11 8 11 11 8 8 11 11 11 11 11 11 8 11 11 11 8 11 11 11 8 8 11 11 11 8 11 ]
[ 11 11 8 11 8 11 11 8 8 ]
[ 11 7 8 11 11 11 11 11 11 ]
[ 11 11 11 8 11 8 8 11 11 11 11 11 11 11 11 11 11 8 11 11 11 8 11 11 11 11 11 11 11 8 11 11 11 11 11 ]
[ 11 11 11 2 8 11 11 8 11 8 ]
[ 11 11 11 8 11 11 11 11 11 11 11 11 11 11 11 11 11 11 8 8 ]
[ 11 11 8 8 8 11 11 11 11 11 8 8 11 11 11 11 11 8 11 11 ]
[ 8 11 11 11 11 11 11 11 11 11 11 11 11 11 8 8 ]
[ 11 11 8 11 8 11 11 8 11 11 11 8 8 11 11 11 11 11 8 11 7 11 11 11 8 8 11 11 8 11 11 11 11 11 11 8 8 11 11 11 11 11 8 8 11 7 11 11 11 8 11 11 11 8 11 8 11 8 11 11 11 8 8 ]
[ 11 11 11 11 11 11 8 8 11 11 8 11 8 11 8 11 8 11 8 ]
[ 11 11 11 11 11 8 11 11 11 8 11 11 11 8 8 ]
[ 11 11 11 11 11 11 11 11 11 11 11 11 11 8 8 11 8 11 ]
[ 11 11 11 8 8 11 11 11 11 11 11 11 8 8 11 11 8 11 8 11 8 11 8 11 8 ]
[ 11 11 11 11 11 11 11 11 11 8 11 11 ]
[ 11 11 8 11 8 11 11 8 11 8 8 11 11 11 11 11 11 8 11 11 11 11 8 11 11 11 11 11 8 11 11 11 11 11 11 11 8 8 11 11 ]
[ 1 11 11 11 11 11 11 7 8 8 11 8 8 11 8 11 7 11 8 11 11 11 8 8 ]
[ 11 11 8 11 11 8 11 8 11 11 11 11 11 11 11 11 11 11 11 8 11 8 11 11 8 11 8 8 8 11 8 11 11 11 11 11 11 8 ]
[ 11 11 11 11 11 11 11 11 11 11 11 11 11 11 1 11 11 11 11 8 11 8 ]
[ 10 11 11 11 11 11 11 11 11 11 11 8 8 11 11 11 ]
[ 8 11 11 8 11 11 11 11 11 8 11 11 8 11 11 11 8 11 11 8 11 11 11 11 11 11 8 11 11 11 8 11 11 11 11 ]
[ 11 11 11 11 11 11 11 11 11 11 11 8 11 11 11 11 11 11 11 11 8 11 11 11 11 11 11 11 8 ]
[ 11 8 11 11 11 6 11 11 11 ]
[ 11 11 11 11 11 11 10 11 8 11 11 11 11 10 11 11 10 11 11 11 11 8 11 11 11 11 8 ]
[ 8 11 11 11 11 11 11 11 11 8 11 11 11 11 11 11 11 11 11 11 8 11 11 11 11 11 11 8 11 11 11 11 11 11 11 11 11 ]
[ 8 11 8 11 8 11 11 11 11 11 11 11 8 11 11 11 11 ]
[ 8 11 11 11 8 11 11 11 11 11 11 8 11 11 11 11 11 11 11 8 11 11 11 1 8 11 11 11 11 8 11 11 ]
[ 1 11 11 6 11 11 11 ]
[ 11 11 11 11 11 11 11 11 8 11 11 8 11 11 11 11 8 11 8 ]
[ 11 11 11 11 11 11 8 8 11 11 11 11 8 11 11 8 11 8 11 11 11 11 11 11 11 8 11 8 11 8 11 11 11 11 11 11 8 11 8 ]
[ 11 11 11 8 11 11 11 11 8 11 11 11 8 8 8 8 11 11 11 11 11 ]
[ 11 11 11 8 11 8 8 11 11 11 11 11 11 11 11 11 11 8 11 11 11 8 11 11 11 11 11 11 11 8 11 11 11 11 11 ]
[ 11 11 11 11 8 11 11 11 11 8 11 11 11 ]
[ 11 11 11 8 8 11 8 8 11 8 11 8 11 11 8 8 11 11 8 11 11 11 8 11 8 11 8 8 8 11 11 11 8 11 8 8 11 8 11 8 11 8 8 11 1 11 11 ]
[ 11 11 11 8 11 11 11 11 11 11 11 11 11 8 8 11 11 11 8 11 8 ]
[ 11 11 11 11 11 11 11 8 11 11 11 8 11 8 11 11 11 11 11 8 11 11 8 11 11 11 11 11 11 8 11 11 8 11 11 11 11 11 11 11 8 11 11 11 11 ]
[ 11 11 11 11 11 8 11 11 11 11 8 11 8 11 11 11 ]
[ 11 11 1 11 11 8 11 11 11 11 11 11 8 11 8 11 11 8 8 11 11 11 8 11 11 11 8 ]
[ 8 8 11 11 11 11 11 11 11 8 11 11 11 11 8 11 11 8 8 11 11 11 11 8 11 11 11 11 11 8 ]
[ 8 11 11 11 11 11 11 11 11 11 11 11 11 8 11 11 11 11 11 11 11 ]
[ 11 11 11 11 8 11 11 11 8 11 11 ]
[ 11 1 11 8 11 8 11 8 11 8 11 11 11 11 ]
[ 11 8 11 11 11 11 11 11 11 11 11 11 11 11 11 11 11 11 11 11 11 11 ]
[ 11 11 11 11 11 11 11 8 11 11 11 11 11 11 11 11 11 11 11 11 11 11 11 11 ]
[ 11 11 11 11 11 11 11 11 11 11 11 11 11 11 11 11 11 11 11 11 11 11 8 11 11 11 11 11 11 11 ]
[ 8 11 11 8 8 8 11 11 11 11 11 11 11 11 8 11 11 11 8 11 11 11 8 11 11 11 11 11 11 11 11 11 ]
[ 11 11 8 11 11 11 11 11 11 11 ]
[ 11 11 11 11 11 11 11 11 11 11 8 11 11 11 11 11 11 11 11 11 ]
[ 11 11 11 11 1 11 11 11 11 11 11 11 11 8 11 2 11 11 11 ]
[ 11 11 11 8 11 11 11 11 11 11 11 11 11 11 8 11 2 11 11 8 11 11 8 11 11 11 11 11 11 11 11 11 11 ]
[ 11 11 8 11 11 11 11 11 11 11 11 11 11 11 11 ]
[ 11 11 11 11 11 11 11 11 11 11 11 11 8 11 11 ]
[ 11 11 11 11 11 11 11 11 11 11 11 2 11 11 11 11 11 11 11 11 11 ]
[ 11 8 11 11 8 11 11 11 8 11 11 11 11 11 8 11 11 8 11 8 11 11 11 ]
[ 11 11 8 8 11 11 8 8 11 11 11 8 11 11 11 11 11 11 8 11 8 11 11 11 8 11 11 11 11 11 11 8 11 8 ]
[ 11 8 11 11 8 11 8 11 11 11 8 11 11 11 11 11 8 11 11 11 11 11 8 11 11 ]
[ 11 11 11 11 11 11 11 8 11 11 11 8 11 8 11 11 11 11 11 8 11 11 8 11 11 11 11 11 11 8 11 11 8 11 11 11 11 11 11 11 8 11 11 11 11 11 ]
[ 11 8 11 11 11 1 11 11 11 1 11 11 11 11 11 11 ]
[ 11 11 8 11 10 8 11 11 8 11 8 11 10 8 11 11 11 8 11 8 8 11 8 ]
[ 11 8 11 11 8 8 11 11 11 11 8 11 11 11 8 11 11 11 11 11 8 8 11 11 11 11 11 8 ]
[ 11 11 11 11 11 8 11 11 11 8 11 8 11 11 11 11 11 8 11 11 8 11 11 11 11 11 11 8 11 11 8 11 11 11 11 11 11 11 8 11 11 11 11 11 ]
[ 11 11 11 11 11 8 2 11 11 11 11 11 11 11 11 11 11 11 11 8 11 11 11 11 8 11 8 11 11 7 11 11 8 11 11 8 11 11 8 ]
[ 11 11 11 11 8 8 11 11 11 11 11 11 11 11 8 11 11 11 11 11 8 ]
[ 11 11 8 8 8 11 11 11 11 11 8 8 11 11 11 11 11 8 11 11 11 11 11 11 8 11 11 8 11 11 ]
[ 11 11 11 11 11 11 11 11 8 ]
[ 11 1 11 11 11 8 11 11 11 11 11 11 11 11 ]
[ 11 11 11 11 11 7 11 ]
[ 8 11 11 11 11 11 11 11 11 11 11 8 11 8 11 11 11 11 8 ]
[ 8 11 11 11 8 11 8 8 11 11 11 11 11 11 11 11 11 8 8 11 11 11 ]
[ 11 8 11 11 11 11 11 11 8 8 11 8 11 11 11 11 8 8 11 8 11 ]
[ 8 8 11 11 11 8 8 11 11 8 8 11 8 8 11 11 11 11 8 11 11 11 11 11 8 11 11 8 11 11 11 8 11 11 ]
[ 2 11 11 11 11 11 11 11 11 1 11 8 ]
[ 11 11 11 11 11 11 11 8 11 8 11 11 11 11 8 11 11 11 1 11 11 ]
[ 11 11 11 11 11 11 8 11 11 ]
[ 11 11 11 11 11 1 8 11 11 11 ]
[ 11 11 11 8 11 11 11 8 11 11 11 11 8 11 11 11 11 11 11 11 11 11 8 8 11 11 11 8 11 11 11 11 8 8 11 8 ]
[ 8 8 8 11 11 11 11 11 8 11 11 11 11 8 11 11 11 11 8 11 11 11 11 ]
[ 11 11 11 11 11 11 8 8 11 11 11 11 11 11 11 11 11 11 11 11 11 11 11 11 8 8 11 11 8 ]
[ 11 11 1 11 11 11 11 11 11 8 11 11 11 11 11 11 11 11 11 11 8 11 8 11 ]
[ 11 11 11 11 11 8 8 11 11 11 8 11 11 11 8 11 11 11 11 8 8 11 1 8 8 11 8 11 11 11 11 11 ]
[ 8 11 8 11 8 11 8 8 8 11 11 8 11 11 11 11 11 8 11 11 9 8 11 11 11 8 11 11 11 11 11 8 11 11 11 11 8 ]
[ 11 11 11 11 11 8 11 8 8 11 11 11 11 11 11 11 11 11 11 11 11 11 11 11 11 11 ]
[ 11 11 11 11 11 11 8 11 11 11 11 11 11 11 11 11 11 11 11 ]
[ 10 11 8 11 8 11 11 11 8 11 11 11 11 8 8 11 8 ]
[ 11 11 11 8 11 11 11 11 11 11 11 11 11 8 11 8 11 8 11 11 2 11 8 11 11 8 11 11 8 11 11 11 11 11 11 11 ]
[ 8 11 11 11 11 8 11 8 11 11 11 11 8 11 11 ]
[ 11 11 11 11 8 11 8 11 11 11 11 11 11 11 8 11 11 1 8 8 11 ]
[ 11 11 11 11 11 11 8 11 11 11 8 8 11 11 11 11 11 8 11 11 11 8 11 11 11 11 11 8 11 11 8 11 8 11 11 8 8 11 8 11 11 8 8 ]
[ 1 2 8 11 11 11 11 ]
[ 8 11 11 11 11 11 11 11 11 11 11 11 11 8 11 11 11 11 11 11 11 8 ]
[ 8 11 11 11 11 11 11 8 11 ]
[ 11 11 11 1 8 11 11 11 11 8 8 11 11 11 11 11 11 8 11 11 11 11 11 11 11 11 11 ]
[ 11 8 11 8 11 11 11 11 11 11 11 11 11 11 11 11 11 11 11 11 8 11 11 11 8 11 8 ]
[ 8 11 8 8 11 11 11 11 11 11 11 11 11 11 8 8 11 11 11 11 8 11 11 ]
[ 11 11 11 11 11 11 8 ]
[ 11 11 11 11 11 8 8 11 11 11 8 11 11 11 8 11 11 11 11 11 11 11 8 11 8 8 11 11 8 11 11 11 11 11 ]
[ 8 11 11 11 8 11 11 11 8 8 11 11 11 8 ]
[ 11 11 11 11 11 11 11 ]
[ 11 11 11 8 8 11 8 11 11 11 11 8 11 8 11 11 8 11 11 11 11 11 8 11 8 ]
[ 8 11 11 8 11 11 11 11 11 11 11 11 11 8 8 11 11 11 8 11 11 11 11 8 8 11 8 ]
[ 11 11 11 1 8 11 11 11 11 ]
[ 8 11 11 11 11 11 11 11 11 11 11 11 11 11 8 11 11 11 11 11 ]
[ 11 11 11 11 11 11 11 8 11 11 11 11 11 11 11 11 11 ]
[ 11 11 11 11 11 10 8 11 11 11 11 11 11 11 11 8 ]
[ 11 1 11 8 8 11 11 11 11 11 11 8 8 11 11 11 11 11 11 8 8 ]
[ 8 11 8 11 8 11 11 11 11 11 11 8 11 11 11 11 ]
[ 11 8 11 11 11 8 11 11 11 11 11 11 11 8 11 8 11 8 ]
[ 11 11 11 11 11 11 11 8 11 11 8 11 11 11 11 11 11 11 11 11 11 11 11 11 11 11 11 11 11 11 11 ]
[ 11 11 11 11 11 11 11 8 11 11 11 11 11 ]
[ 11 8 11 8 11 8 8 8 11 1 11 11 11 11 11 11 8 ]
[ 11 8 11 8 11 8 11 11 11 11 8 11 11 11 11 11 11 11 8 11 8 11 11 11 11 11 11 11 11 11 11 11 11 ]
[ 2 8 11 8 11 8 11 11 11 11 11 1 11 8 11 11 11 8 8 11 11 1 11 11 11 11 8 11 11 11 11 11 11 ]
[ 11 11 8 11 8 11 11 7 11 11 11 8 11 11 11 11 11 11 11 8 11 8 11 11 11 ]
[ 11 8 11 11 11 8 11 11 11 11 11 11 11 11 11 8 8 11 11 11 11 11 11 11 11 11 11 8 ]
[ 11 8 11 11 11 11 11 11 8 11 8 11 11 ]
[ 11 11 8 11 11 11 11 8 8 11 11 11 11 11 11 8 11 11 11 11 11 11 ]
[ 11 11 11 8 11 8 11 11 11 8 11 8 11 8 11 11 8 11 11 11 11 11 11 11 11 11 11 11 11 11 8 11 ]
[ 11 11 11 1 11 11 11 11 11 8 11 11 11 11 11 11 11 8 11 8 11 11 11 11 11 8 11 11 11 11 11 11 11 11 11 11 11 11 8 8 11 11 11 11 ]
[ 11 11 1 11 11 11 11 11 11 11 8 11 8 11 11 11 11 11 8 11 11 11 11 11 11 11 11 11 8 11 11 11 8 ]
[ 8 11 8 11 11 11 8 11 8 11 11 11 ]
[ 11 11 11 11 2 11 8 11 11 11 8 8 11 11 ]
[ 11 11 1 11 11 11 11 11 11 11 11 8 11 11 11 11 8 11 ]
[ 11 11 11 8 11 11 11 11 11 8 11 11 11 11 11 8 11 8 8 11 11 11 11 11 11 ]
[ 11 11 11 8 11 11 11 11 11 11 11 11 11 11 11 ]
[ 11 1 11 11 11 11 11 11 11 11 11 11 11 11 11 11 11 11 11 11 1 11 8 ]
[ 11 11 11 11 11 11 11 11 11 11 11 11 11 11 11 11 11 11 11 11 8 11 11 11 11 8 11 11 11 8 11 11 11 11 11 8 8 ]
[ 8 11 11 11 11 11 11 11 11 11 11 8 8 ]
[ 11 8 11 11 1 11 8 11 11 ]
[ 11 11 8 11 11 11 8 8 11 8 11 11 11 8 11 11 11 11 11 11 8 11 8 ]
[ 11 11 11 11 11 11 8 11 11 11 11 8 11 11 11 11 8 11 11 ]
[ 11 11 11 11 11 11 11 11 11 8 11 11 11 11 11 11 11 11 11 11 11 11 11 11 11 ]
[ 11 11 11 11 8 11 11 11 11 11 11 11 11 11 11 11 8 11 11 11 ]
[ 11 11 8 11 8 2 11 11 8 11 8 11 11 8 8 11 11 8 11 8 11 11 11 ]
[ 11 1 8 11 11 11 11 8 11 11 11 11 11 11 8 11 8 11 11 11 8 11 8 11 11 8 11 11 11 11 8 11 11 11 11 ]
[ 11 11 11 11 11 11 11 11 2 8 11 ]
[ 11 11 11 11 11 11 11 11 11 11 8 ]
[ 8 11 11 11 11 11 8 11 8 11 11 11 11 8 11 11 11 8 11 11 11 11 11 11 11 11 11 11 11 11 11 11 11 8 ]
[ 11 8 11 8 11 11 8 11 11 11 11 11 8 11 11 11 8 11 11 ]
[ 11 8 11 11 11 8 11 8 11 8 8 8 11 11 11 11 11 11 11 11 8 8 11 11 11 11 11 11 8 ]
[ 8 11 11 8 8 11 8 11 8 11 11 11 8 11 11 8 8 11 11 11 11 8 8 11 11 11 11 11 8 11 8 11 8 8 11 11 9 11 11 11 8 11 8 11 8 11 11 11 8 11 8 11 11 11 ]
[ 11 11 11 8 11 11 11 11 11 8 8 11 11 11 8 11 11 11 11 11 11 8 11 11 11 11 11 11 8 8 8 ]
[ 11 11 11 11 11 11 8 11 11 11 11 11 11 8 11 11 11 8 11 11 ]
[ 11 2 11 8 11 11 11 11 11 2 11 11 11 11 11 11 11 11 11 8 8 8 11 11 11 8 11 ]
[ 11 11 11 11 11 1 11 11 11 1 11 11 11 11 11 11 11 11 11 ]
[ 11 8 11 11 8 11 8 8 11 8 11 11 8 11 11 8 ]
[ 11 11 11 11 11 11 11 11 11 8 8 11 11 11 11 11 11 11 11 11 11 8 11 11 11 11 1 11 11 11 11 11 8 ]
[ 11 11 11 11 11 11 8 11 11 11 1 11 8 11 11 11 8 8 11 8 11 11 11 11 11 11 11 11 8 11 11 11 11 8 8 11 11 11 8 8 11 11 11 8 11 11 11 ]
[ 11 8 11 11 11 11 11 11 11 11 11 11 11 8 8 8 11 11 11 11 11 8 11 11 11 11 8 8 8 ]
[ 11 11 11 11 11 11 11 11 11 ]
[ 8 11 8 11 8 11 11 11 8 8 11 8 11 11 11 8 11 11 11 8 11 8 8 11 11 11 8 8 ]
[ 11 8 8 11 11 11 11 11 8 ]
[ 11 11 11 8 11 11 11 11 11 11 11 11 11 11 8 8 11 11 11 ]
[ 11 11 11 8 11 11 8 11 11 11 8 11 11 11 11 11 8 11 11 11 11 8 8 11 11 11 11 8 8 11 8 11 11 11 11 11 11 11 11 11 11 11 11 8 11 11 11 8 ]
[ 11 11 11 11 11 11 11 11 11 11 11 8 8 11 11 11 11 11 11 11 8 11 11 11 11 ]
[ 11 11 11 11 8 11 11 11 11 11 8 8 8 11 11 11 11 ]
[ 11 11 11 11 10 8 11 8 11 11 11 11 11 11 11 ]
[ 11 8 11 11 11 8 8 11 8 11 11 11 8 11 8 11 11 11 11 11 11 8 8 11 8 11 11 11 8 11 8 11 11 11 8 11 ]
[ 8 11 11 11 1 11 11 11 11 11 1 11 8 8 11 11 11 11 11 11 11 8 8 8 11 8 11 11 11 8 ]
[ 11 11 11 7 8 11 11 11 11 11 11 8 ]
[ 8 11 11 11 11 8 11 11 11 11 8 11 11 11 8 ]
[ 11 11 11 11 11 11 8 11 11 11 11 11 11 11 11 11 11 11 11 ]
[ 11 8 8 11 11 11 11 11 11 8 11 11 11 11 11 11 11 11 11 11 11 11 11 8 11 11 11 11 ]
[ 11 11 8 11 11 11 11 1 11 11 11 11 11 11 11 11 11 11 8 11 11 8 11 8 11 11 11 ]
[ 11 11 11 11 11 8 11 11 11 11 1 11 11 11 11 11 11 11 11 11 11 8 11 11 8 11 8 ]
[ 11 11 11 11 11 11 8 11 11 8 11 11 11 11 8 11 11 11 8 8 11 11 11 11 8 8 ]
[ 11 11 11 11 11 11 8 11 11 11 11 8 11 8 ]
[ 8 11 11 11 11 11 11 ]
[ 11 8 11 11 11 8 11 11 11 11 11 8 11 11 8 11 11 11 8 11 11 11 11 11 11 8 11 11 11 11 ]
[ 11 11 11 8 11 11 11 11 11 11 8 11 11 11 11 11 11 8 ]
[ 11 11 11 8 11 11 11 1 11 8 8 11 11 11 11 11 8 ]
[ 1 8 8 11 11 11 11 8 8 11 8 11 11 11 11 11 11 8 11 8 11 11 11 ]
[ 8 11 11 11 11 11 8 11 11 11 8 11 8 11 ]
[ 11 11 11 11 11 11 1 11 11 11 8 8 11 11 11 11 1 11 1 11 1 11 8 11 11 ]
[ 11 11 11 1 11 11 11 11 11 11 11 11 8 11 11 11 ]
[ 11 8 11 11 1 11 11 11 11 11 11 11 ]
[ 11 11 11 11 11 11 11 11 11 11 8 11 8 8 11 11 11 11 11 11 11 11 11 11 8 ]
[ 11 11 11 1 11 11 11 11 11 11 11 11 ]
[ 11 11 8 11 11 11 11 11 11 11 11 ]
[ 11 11 11 8 11 8 11 11 11 11 11 11 8 8 8 8 8 11 8 11 11 11 11 8 ]
[ 11 11 11 11 11 11 11 8 11 11 11 11 11 11 11 8 11 ]
[ 11 11 11 11 11 11 11 11 11 8 11 1 11 11 8 11 8 11 1 11 8 8 11 11 11 11 11 11 11 11 11 ]
[ 8 11 11 11 11 8 11 11 11 11 11 11 11 11 11 11 11 8 8 11 11 8 8 ]
[ 11 11 8 11 11 11 11 11 11 ]
[ 11 11 11 1 8 11 11 11 11 11 11 11 11 11 11 8 11 11 8 ]
[ 11 11 8 11 11 11 11 11 11 11 11 11 11 ]
[ 8 11 11 11 8 11 11 11 1 8 11 11 8 11 11 11 11 ]
[ 8 8 11 11 11 11 11 11 11 11 11 11 11 11 8 11 8 11 11 11 8 11 11 11 11 8 11 8 11 11 11 11 11 11 ]
[ 11 11 11 11 11 11 11 11 11 ]
[ 11 11 11 11 11 11 11 11 11 ]
[ 11 11 8 11 11 8 11 11 7 11 11 11 11 11 11 11 8 8 11 11 11 11 11 10 1 11 8 11 11 8 11 11 8 11 8 11 8 11 11 ]
[ 11 11 11 11 8 11 8 11 11 11 11 11 11 8 11 11 11 ]
[ 11 8 11 11 11 11 11 11 8 8 11 11 8 11 11 11 1 11 11 1 11 8 11 11 11 11 8 11 11 11 11 ]
[ 1 11 11 11 11 11 11 11 ]
[ 8 11 11 1 11 11 11 11 11 11 11 11 11 11 11 11 11 11 11 11 ]
[ 11 11 11 11 8 8 11 11 1 11 8 11 11 8 11 11 11 11 11 8 8 11 11 8 ]
[ 11 11 11 1 8 11 11 11 11 11 8 8 11 11 11 2 11 11 11 8 11 11 8 11 11 8 1 11 8 11 11 8 8 11 11 8 11 8 8 11 11 11 11 11 8 ]
[ 11 11 11 8 11 11 11 11 11 8 11 11 11 11 11 11 11 8 11 ]
[ 11 11 11 11 1 11 11 11 8 11 11 11 11 11 11 8 11 11 11 8 11 11 11 8 11 11 11 11 11 11 11 ]
[ 10 11 11 11 11 11 8 11 11 ]
[ 11 11 1 11 11 11 11 11 11 1 11 11 11 11 11 11 8 11 11 8 ]
[ 11 11 11 8 11 11 11 11 11 11 11 8 11 11 11 11 ]
[ 11 11 11 11 11 11 8 8 11 8 8 11 11 8 8 8 11 11 11 8 11 11 ]
[ 11 11 11 8 8 11 8 8 11 11 11 11 11 8 8 11 8 ]
[ 11 11 8 8 11 11 11 11 11 8 11 11 11 11 8 11 8 11 11 11 11 11 ]
[ 11 11 11 8 8 11 11 11 11 8 8 11 11 11 11 11 11 1 11 11 11 ]
[ 11 11 11 11 11 11 1 11 11 11 11 11 11 11 11 11 11 11 11 11 8 8 ]
[ 8 11 11 11 11 11 11 11 11 8 8 8 11 11 11 8 11 11 11 11 11 11 8 11 11 11 11 11 11 11 8 ]
[ 8 11 11 11 8 8 11 8 11 11 11 8 11 11 11 11 11 11 8 11 8 ]
[ 11 11 1 11 8 8 11 11 11 1 11 11 8 11 ]
[ 11 11 11 11 11 11 11 11 11 11 11 11 2 11 11 11 11 11 11 11 1 8 8 11 8 ]
[ 11 11 11 11 11 11 8 11 11 11 11 11 11 8 11 11 11 11 11 ]
[ 11 11 11 11 11 11 11 11 11 8 11 11 8 11 11 11 11 ]
[ 11 11 11 11 11 11 11 11 11 11 11 11 11 11 11 11 8 11 11 11 11 11 11 8 11 11 11 ]
[ 11 8 8 11 11 11 11 11 11 11 8 8 8 ]
[ 1 11 11 11 11 11 11 11 11 11 8 11 11 11 11 1 11 8 11 11 8 ]
[ 11 8 11 11 8 11 11 8 11 11 11 11 11 11 8 11 11 11 11 11 11 11 11 8 ]
[ 11 11 11 11 11 11 11 11 8 11 11 11 11 11 11 11 11 ]
[ 8 11 11 11 11 11 11 8 11 8 8 11 11 11 11 11 11 11 11 8 11 11 8 ]
[ 1 10 11 11 11 11 11 11 11 8 11 11 11 7 11 11 8 ]
[ 8 11 11 8 11 11 11 8 11 11 11 11 11 8 11 11 8 8 ]
[ 11 11 11 11 11 1 11 11 11 11 11 11 11 11 11 11 8 8 11 11 11 11 8 ]
[ 11 11 11 8 11 11 11 8 11 11 11 8 11 11 11 11 11 11 11 8 8 11 11 11 11 11 ]
[ 11 1 11 11 11 11 11 11 11 11 11 11 11 11 11 8 11 11 11 11 11 8 11 11 11 11 11 11 11 8 11 11 11 11 11 11 ]
[ 11 1 11 11 11 11 11 8 8 11 11 11 11 11 8 11 11 11 11 8 11 8 11 11 11 11 11 11 11 8 8 11 11 8 11 11 11 8 8 ]
[ 11 1 8 8 8 11 11 11 11 11 11 11 11 11 11 11 8 11 11 8 11 11 8 8 ]
[ 11 2 11 11 8 11 11 11 11 8 11 11 11 8 11 11 2 11 11 11 11 11 11 ]
[ 11 11 11 11 11 8 11 11 11 11 11 11 11 11 11 11 11 11 8 11 11 8 8 ]
[ 11 11 11 11 11 11 8 11 11 11 11 11 11 11 11 11 11 11 11 11 11 11 11 11 11 11 8 ]
[ 8 11 11 11 11 11 11 11 11 11 11 8 11 8 11 11 11 11 11 11 9 11 11 ]
[ 8 11 11 11 11 11 8 11 11 11 11 11 11 11 8 8 11 11 11 11 8 11 11 ]
[ 1 8 11 11 11 11 11 11 8 11 11 8 11 11 11 11 11 11 11 11 11 11 11 11 11 8 11 11 8 11 11 11 11 11 11 11 8 11 8 ]
[ 11 11 11 11 11 11 1 8 8 8 11 11 11 8 11 11 11 11 11 11 11 11 11 8 11 8 8 11 11 11 11 8 11 11 11 8 11 11 11 11 8 11 8 11 8 8 11 8 11 11 11 11 11 11 11 11 11 11 11 11 1 8 8 8 11 8 ]
[ 1 11 11 11 11 11 8 11 8 11 11 11 11 11 8 11 11 11 11 11 11 11 11 11 11 11 11 8 8 11 11 11 11 11 11 11 11 8 11 11 11 8 ]
[ 11 8 11 11 11 11 8 11 11 11 11 11 11 8 11 11 11 11 11 11 8 8 ]
[ 1 11 11 11 11 11 8 11 8 11 11 11 11 11 8 11 11 11 11 11 11 11 11 11 11 11 11 11 11 11 11 11 11 8 8 11 11 11 11 11 11 11 11 8 11 11 11 8 ]
[ 11 11 11 11 11 11 11 11 11 11 11 11 11 11 11 11 ]
[ 11 11 11 8 11 11 11 11 8 11 11 11 11 11 11 11 11 11 11 11 11 11 11 11 8 8 ]
[ 11 11 11 11 1 11 11 11 11 11 ]
[ 11 11 11 11 10 11 11 8 8 8 11 11 11 11 11 11 8 11 11 11 11 11 11 8 8 11 11 11 11 11 11 11 11 11 11 11 8 8 11 11 11 11 ]
[ 1 11 11 11 11 11 11 11 8 11 11 11 11 11 11 11 11 ]
[ 11 11 11 11 11 11 11 11 11 11 11 11 11 8 11 11 11 11 11 11 8 11 8 11 11 8 11 11 ]
[ 11 11 11 8 11 8 11 11 8 11 11 11 11 11 9 11 11 11 11 11 11 11 11 11 8 11 11 8 11 11 11 11 11 11 11 11 11 11 11 11 8 11 8 11 11 11 11 11 8 8 11 11 11 8 11 8 11 11 ]
[ 11 11 11 11 11 11 11 11 8 8 11 11 11 11 11 11 11 11 11 11 11 11 11 11 11 11 11 11 11 11 8 ]
[ 11 11 11 8 11 8 11 11 11 11 11 11 8 11 11 ]
[ 11 11 11 8 11 11 11 11 1 11 8 11 11 11 11 ]
[ 1 8 11 11 11 11 8 11 8 11 11 11 11 11 11 11 11 11 11 11 11 ]
[ 11 11 11 11 11 11 11 11 11 8 8 11 11 11 11 8 11 11 11 11 11 11 11 8 11 11 11 ]
[ 11 11 11 8 11 11 11 11 11 11 11 11 ]
[ 11 11 11 8 11 11 8 11 11 11 11 11 11 11 11 11 11 ]
[ 11 11 8 11 8 11 8 11 11 11 8 11 11 11 11 11 8 11 11 11 8 8 11 11 11 8 11 11 8 11 ]
[ 11 11 11 8 8 11 11 11 11 11 11 11 11 11 11 11 11 11 11 11 11 11 11 11 11 11 8 11 11 11 11 11 8 11 11 11 11 11 8 11 11 11 8 11 11 11 8 ]
[ 11 11 11 8 11 8 11 11 8 11 8 11 8 11 8 11 11 11 11 8 8 11 11 8 8 11 8 11 11 8 11 8 11 8 11 11 11 11 11 11 11 11 11 8 11 11 8 11 8 11 8 ]
[ 11 11 11 11 8 11 8 11 11 11 11 11 11 8 8 11 11 11 11 8 11 11 11 8 11 11 11 11 11 11 11 8 11 8 11 11 11 11 8 ]
[ 11 11 1 11 11 11 11 11 11 8 8 8 11 11 11 11 8 8 11 11 11 ]
[ 11 11 11 11 11 8 11 11 11 11 11 11 11 1 8 11 11 8 11 11 11 11 11 11 11 11 11 11 11 ]
[ 11 11 11 11 11 11 11 11 11 11 11 11 11 11 11 ]
[ 11 11 11 11 11 8 8 11 1 11 11 8 11 11 11 11 11 11 11 11 8 8 11 11 11 11 11 8 11 11 8 ]
[ 11 11 11 11 11 11 11 11 11 11 11 11 11 11 11 8 11 8 8 11 1 8 11 1 8 11 11 11 11 1 8 11 11 11 10 8 11 7 8 11 8 8 11 11 11 1 ]
[ 11 11 11 11 11 11 11 11 8 11 8 11 8 8 11 11 8 11 11 8 11 11 11 8 8 11 8 11 ]
[ 8 11 11 11 11 11 11 11 11 11 11 11 11 8 11 8 11 11 8 11 11 11 11 ]
[ 11 11 11 11 11 ]
[ 11 11 8 11 11 11 11 11 8 11 11 11 8 11 11 11 11 11 8 11 11 8 ]
[ 11 11 11 8 11 11 11 11 8 11 8 11 11 11 11 11 11 11 11 11 11 11 8 ]
[ 11 11 11 11 11 11 8 11 11 11 11 ]
[ 11 11 11 11 11 11 11 11 11 11 11 11 11 8 11 11 11 11 1 11 ]
[ 11 11 11 1 11 1 11 11 11 11 11 11 11 8 8 8 ]
[ 8 11 11 11 11 11 11 11 8 11 11 11 11 11 11 11 11 11 11 11 11 11 11 11 8 ]
[ 1 8 11 11 8 11 11 11 11 11 11 11 11 11 11 8 11 11 8 ]
[ 11 11 11 11 1 11 11 11 11 8 11 8 11 8 11 11 11 11 11 11 8 11 8 11 8 ]
[ 8 11 11 1 11 11 11 11 11 11 11 8 11 11 11 11 11 8 8 ]
[ 11 11 11 8 8 11 1 11 8 11 11 8 11 11 11 11 11 8 11 11 8 11 11 11 11 11 11 ]
[ 11 11 11 11 8 11 11 11 11 11 11 11 11 11 11 11 8 11 11 11 11 11 8 11 11 11 ]
[ 11 11 11 11 11 11 1 11 11 11 11 11 11 ]
[ 11 11 11 11 11 11 11 11 8 11 8 11 11 11 11 8 8 11 11 8 11 11 8 11 8 11 11 11 8 11 11 11 11 11 ]
[ 11 11 11 11 11 11 11 11 11 11 8 11 11 8 8 11 8 11 11 11 8 11 8 11 11 11 11 ]
[ 11 11 8 11 8 8 11 11 11 11 11 8 11 11 11 11 8 11 11 11 11 1 11 11 8 11 11 8 11 8 ]
[ 11 11 11 11 11 11 11 11 11 11 11 11 8 11 10 11 11 11 11 11 11 11 11 11 8 11 11 8 11 11 11 ]
[ 8 11 8 11 11 11 11 11 11 11 ]
[ 11 8 8 11 1 11 8 11 11 8 11 11 11 11 11 8 11 11 8 11 11 11 11 11 11 ]
[ 11 11 8 8 11 11 11 8 8 11 11 8 11 11 8 8 11 11 8 11 1 11 11 11 11 11 11 8 11 11 11 8 11 11 11 8 ]
[ 11 8 8 11 1 11 8 11 11 8 11 11 11 11 11 8 11 11 8 11 11 11 11 11 11 11 11 11 8 8 11 11 11 ]
[ 11 8 11 11 11 11 11 11 11 8 11 11 11 8 11 11 11 11 ]
[ 11 11 7 11 11 11 11 11 11 11 11 11 11 11 11 11 ]
[ 11 11 11 8 11 11 11 8 8 11 11 11 11 11 11 8 8 11 11 11 11 11 8 11 11 11 11 11 8 11 11 8 ]
[ 11 11 11 11 11 11 11 11 11 8 11 8 11 11 11 11 ]
[ 11 11 11 11 11 8 11 11 11 11 8 11 8 11 11 11 11 11 11 11 11 11 11 8 ]
[ 11 11 11 8 11 11 11 11 8 11 8 11 11 11 11 11 11 11 11 11 11 8 ]
[ 11 11 11 11 11 11 11 11 11 11 11 11 11 1 11 11 8 ]
[ 8 8 11 11 11 8 8 11 11 8 11 11 8 8 11 11 8 11 1 11 11 11 11 11 11 8 11 11 11 8 11 11 11 8 ]
[ 11 11 11 11 11 11 11 11 11 11 11 11 11 11 8 8 11 11 11 11 11 11 11 11 11 11 8 11 11 11 11 11 11 8 11 11 11 8 11 11 11 11 11 11 ]
[ 11 8 11 11 11 11 11 11 11 11 11 11 11 11 11 11 11 11 8 ]
[ 11 11 11 8 11 8 8 11 11 11 11 11 11 11 ]
[ 11 8 11 11 11 8 11 11 11 11 8 11 11 11 8 11 11 11 11 11 8 11 11 11 8 11 11 11 11 11 8 11 11 8 11 11 11 11 8 11 11 8 11 8 ]
[ 11 11 11 1 11 11 11 11 11 11 2 11 11 8 11 11 11 8 8 11 11 11 11 8 11 8 11 11 11 11 11 11 11 11 11 11 11 11 11 8 11 8 ]
[ 11 11 8 8 11 11 11 11 11 11 11 11 11 11 11 11 11 11 11 11 8 11 11 11 11 11 11 ]
[ 11 11 11 8 11 11 11 11 8 8 11 8 11 8 11 11 11 11 11 11 8 11 8 11 8 11 11 8 11 8 11 11 10 11 11 11 11 11 11 ]
[ 11 11 11 11 11 11 11 11 11 1 8 11 11 11 11 8 ]
[ 11 11 11 8 11 11 11 11 11 11 11 11 11 11 8 11 11 11 11 11 ]
[ 8 1 8 8 11 11 8 8 11 8 11 8 2 11 11 11 8 11 11 ]
[ 11 11 11 11 11 11 11 11 11 11 11 11 11 11 11 11 11 8 11 11 11 8 11 11 11 8 11 11 11 8 8 11 11 8 11 11 11 11 11 ]
[ 11 8 11 11 11 8 11 11 11 11 11 11 11 11 11 11 11 11 11 11 11 11 11 11 11 11 8 11 11 11 11 11 8 11 11 11 ]
[ 1 10 8 11 11 11 ]
[ 11 11 11 11 11 11 8 11 11 11 11 8 11 11 11 11 11 11 1 8 11 8 8 11 8 11 8 11 11 1 11 11 8 11 11 11 11 ]
[ 11 8 11 11 11 11 11 11 11 11 11 8 8 11 11 11 11 11 8 11 11 8 11 11 11 11 11 11 11 8 8 11 8 11 8 11 11 11 ]
[ 11 10 11 11 11 11 8 11 11 11 11 11 11 11 11 11 11 11 11 8 ]
[ 11 11 8 11 11 11 11 11 11 11 8 8 11 11 11 11 11 11 8 11 11 11 11 11 11 11 11 11 8 8 ]
[ 11 11 11 8 11 11 11 11 11 11 11 11 11 11 11 11 11 11 11 11 11 11 11 11 11 8 ]
[ 11 11 11 8 8 11 11 11 11 11 8 8 11 11 11 8 11 11 11 11 8 8 11 11 11 11 11 11 11 8 8 11 11 8 11 8 11 8 11 8 11 11 11 11 8 11 8 11 11 8 8 11 11 8 11 11 8 11 ]
[ 8 11 11 11 11 11 11 11 11 11 11 11 11 11 11 8 11 11 11 11 11 1 11 11 ]
[ 11 11 11 8 11 11 11 11 11 11 11 11 11 11 11 11 11 11 11 1 8 11 11 11 8 11 11 11 11 1 8 11 11 11 8 11 11 11 11 11 11 8 11 11 11 11 11 8 ]
[ 11 11 11 8 11 11 11 11 11 11 11 11 11 11 11 11 11 ]
[ 11 11 11 11 11 11 8 11 11 11 8 11 11 11 11 11 11 11 11 8 11 11 8 11 11 8 11 11 11 10 8 11 11 ]
[ 11 11 11 11 11 11 11 8 11 11 11 11 11 11 11 11 11 11 8 11 11 8 11 8 11 10 8 11 11 11 ]
[ 10 11 11 11 11 11 11 11 11 11 11 11 11 11 11 11 11 11 8 8 11 11 11 11 8 11 11 ]
[ 11 8 11 8 11 8 11 11 8 11 8 11 8 11 11 11 11 11 8 11 11 11 11 11 11 8 11 11 8 11 ]
[ 11 11 11 11 11 11 11 11 11 11 11 11 8 11 11 11 ]
[ 8 11 11 2 11 11 11 11 11 11 11 8 8 11 11 11 8 11 11 11 2 11 11 11 11 11 11 11 11 11 11 11 11 11 11 11 11 11 11 8 11 ]
[ 11 11 11 11 11 8 11 11 11 8 11 11 11 11 11 11 11 11 8 11 11 ]
[ 11 11 11 11 11 11 11 1 11 11 11 8 11 11 8 11 11 8 11 11 11 8 11 8 11 11 11 11 ]
[ 11 8 11 11 11 8 11 11 8 11 11 11 11 11 11 11 11 ]
[ 11 11 11 8 11 11 11 11 11 8 8 11 11 11 11 11 11 11 11 11 8 11 11 11 8 11 11 11 11 11 8 11 11 11 11 8 11 11 11 ]
[ 11 11 11 11 11 1 8 11 11 11 11 8 11 11 11 11 11 11 11 11 8 11 11 11 11 11 11 11 11 11 11 11 11 8 11 11 11 ]
[ 11 11 11 11 11 11 11 11 8 8 11 1 11 1 11 11 11 11 11 8 8 ]
[ 11 11 11 11 11 11 11 11 11 11 11 8 11 11 11 11 11 11 8 11 1 11 11 11 ]
[ 11 11 11 11 11 11 11 11 8 11 11 11 8 11 8 11 11 11 11 11 11 11 11 11 8 11 11 11 11 11 11 8 11 11 8 8 11 11 8 8 11 11 11 11 11 8 ]
[ 8 11 11 8 11 11 8 11 11 8 8 8 11 11 8 11 11 11 11 11 8 11 11 11 11 11 11 11 11 11 11 11 8 ]
[ 11 11 11 11 11 8 11 11 8 11 11 11 11 11 11 11 ]
[ 11 8 11 11 11 11 11 11 11 11 8 8 11 11 11 11 11 8 8 11 11 8 11 11 11 8 11 11 11 11 8 11 11 11 8 8 11 11 11 11 8 11 11 11 11 ]
[ 11 11 11 11 11 11 11 11 11 11 11 11 11 8 11 11 11 11 8 11 11 ]
[ 11 11 8 11 11 11 11 11 11 11 11 11 11 11 11 11 11 11 11 8 8 11 8 11 11 11 11 11 11 8 8 11 11 11 11 11 11 8 11 11 11 11 8 ]
[ 11 11 11 11 11 8 11 11 11 11 11 11 11 11 11 11 8 11 11 8 11 11 11 11 11 11 ]
[ 8 11 11 11 8 11 11 11 11 11 11 11 11 11 11 11 8 8 11 11 8 8 11 8 8 11 ]
[ 11 8 8 11 11 11 11 11 11 8 8 11 11 8 11 8 11 11 11 11 11 11 11 11 11 11 11 ]
[ 11 11 11 11 11 11 11 11 11 11 11 11 11 11 11 8 11 11 11 11 11 11 11 ]
[ 11 11 11 8 11 11 11 11 11 11 11 11 11 11 8 11 11 11 11 11 11 11 11 11 11 11 11 11 11 11 11 ]
[ 11 11 11 11 11 11 11 11 11 11 11 11 11 11 11 11 11 11 8 11 11 11 11 11 11 8 11 ]
[ 8 8 11 11 8 11 11 11 8 11 11 11 11 11 8 11 11 8 8 11 8 11 11 11 11 8 11 11 11 8 8 8 11 11 11 11 11 ]
[ 8 11 11 11 11 11 8 11 11 11 11 11 8 11 11 11 11 11 11 11 11 8 11 11 11 11 11 11 11 11 11 11 11 11 8 11 8 8 11 11 11 11 11 8 11 11 11 8 11 11 11 11 11 11 11 11 11 11 11 8 11 11 ]
[ 11 11 11 11 11 11 8 11 11 8 11 11 8 11 8 11 11 11 11 ]
[ 11 8 11 8 11 8 8 11 11 11 8 11 11 8 ]
[ 11 11 11 11 11 8 11 11 11 11 11 1 11 11 11 11 ]
[ 11 8 11 11 11 8 11 11 11 10 8 11 11 11 8 11 11 11 11 11 11 11 11 11 11 11 11 11 11 8 11 11 11 11 11 11 11 11 11 8 8 11 11 11 11 11 11 11 8 8 ]
[ 8 11 11 2 11 11 11 11 11 11 11 8 8 11 11 11 8 11 11 11 2 11 11 11 11 11 11 11 11 11 11 11 11 11 11 11 11 8 11 ]
[ 11 11 8 11 11 11 11 11 11 11 11 11 11 11 11 11 11 11 11 11 11 8 11 11 11 11 11 8 11 11 11 11 ]
[ 11 11 11 1 11 11 11 11 11 11 11 8 11 11 8 ]
[ 11 11 11 11 8 11 11 11 11 11 11 11 8 11 11 11 11 11 11 11 8 11 11 11 11 11 11 2 11 11 8 11 11 11 11 11 8 11 11 11 11 ]
[ 11 11 11 11 8 11 11 11 11 11 11 11 11 11 11 11 11 11 8 8 11 8 11 11 8 11 11 8 8 ]
[ 8 11 11 8 11 8 11 11 11 8 11 11 8 11 11 11 11 11 11 8 ]
[ 11 8 11 11 11 11 11 8 11 11 11 11 11 11 11 11 11 11 8 11 11 8 11 11 11 11 11 10 8 11 11 11 ]
[ 11 11 11 11 11 11 11 11 11 8 11 11 11 11 11 8 11 11 11 11 11 11 11 11 8 ]
[ 11 11 11 11 11 1 11 11 11 8 11 11 8 8 11 11 11 11 11 11 11 11 11 8 8 11 11 11 11 11 11 11 11 ]
[ 11 11 8 11 1 8 11 11 11 8 11 11 11 11 11 11 11 8 11 11 11 11 11 11 8 11 11 11 11 11 11 11 11 8 11 11 11 11 11 11 8 11 11 8 11 11 11 11 10 11 11 8 11 11 11 8 11 11 11 11 11 11 8 11 10 11 11 8 11 11 ]
[ 11 11 11 11 11 11 11 11 11 11 11 11 11 11 8 11 11 11 11 8 11 11 ]
[ 1 8 11 11 11 11 11 8 11 11 11 11 11 1 11 11 11 11 1 11 11 11 11 11 11 8 ]
[ 11 11 11 11 11 11 8 11 8 11 11 11 11 8 11 8 11 8 11 11 11 11 8 11 11 11 11 11 11 8 11 8 11 11 11 11 11 11 11 11 11 11 11 11 ]
[ 11 11 1 11 11 11 1 11 11 11 11 11 8 11 11 11 11 11 11 11 11 11 11 11 8 11 ]
[ 11 11 11 11 11 8 11 11 8 11 8 11 8 11 8 11 11 11 8 11 8 8 11 11 11 11 11 11 11 11 11 8 8 11 11 8 11 11 11 11 11 11 8 8 11 11 11 11 8 8 11 11 11 ]
[ 8 11 1 8 11 11 11 8 11 11 11 11 11 11 11 8 11 11 11 11 11 11 8 11 11 11 11 11 11 11 11 8 11 11 11 11 11 11 8 11 11 8 11 11 11 11 10 11 11 8 11 11 11 8 11 11 11 11 11 11 8 11 10 11 11 8 11 11 ]
[ 11 11 11 11 8 11 11 11 11 11 11 11 8 11 11 11 11 11 11 11 11 11 8 11 ]
[ 11 11 11 11 11 11 11 11 8 11 11 11 11 11 11 11 11 11 11 8 11 11 11 8 8 11 11 8 11 ]
[ 8 11 11 11 11 11 8 11 11 11 11 11 11 8 11 11 11 11 11 11 11 11 8 11 11 11 11 11 ]
[ 1 11 11 8 11 11 11 11 11 11 11 11 11 11 11 11 11 11 8 11 11 ]
[ 11 11 11 8 11 11 11 11 11 11 11 11 11 8 11 8 11 11 11 11 ]
[ 11 8 11 11 11 11 11 11 8 11 11 11 11 11 11 11 11 11 8 11 11 ]
[ 11 8 11 8 11 8 8 11 11 11 11 8 11 8 11 11 11 11 8 11 11 8 ]
[ 11 1 11 11 11 8 11 11 11 11 11 8 11 11 11 8 ]
[ 11 11 11 8 8 11 11 11 11 11 11 11 11 11 8 11 11 11 11 8 11 11 11 11 11 8 11 11 8 11 8 11 11 8 8 8 11 ]
[ 11 11 11 8 11 11 11 11 11 11 11 11 11 11 8 11 11 11 11 11 11 11 8 11 8 11 11 11 11 8 11 11 11 11 8 11 ]
[ 11 11 11 11 8 11 11 11 11 11 11 11 11 11 11 11 8 11 ]
[ 11 11 11 8 11 8 11 11 11 11 11 11 11 11 11 11 11 11 11 11 11 8 ]
[ 11 11 11 11 8 11 1 11 11 8 11 11 11 11 11 11 11 11 11 11 11 8 8 11 11 11 11 11 8 11 11 11 8 11 8 11 11 1 11 11 11 11 11 11 11 11 11 11 11 ]
[ 11 11 11 11 11 11 11 8 11 11 11 11 11 1 11 11 9 11 11 11 11 11 8 ]
[ 11 8 11 11 11 11 8 8 11 11 11 8 8 11 8 11 8 8 11 11 11 11 11 8 11 11 11 8 11 11 11 11 8 8 ]
[ 8 11 11 11 11 11 11 8 11 11 11 11 11 11 11 11 11 11 8 11 11 11 1 11 11 11 11 8 ]
[ 11 1 11 11 11 11 11 11 8 11 8 11 11 11 8 11 11 11 11 11 11 11 11 11 11 1 11 11 11 11 11 11 ]
[ 11 8 8 8 11 11 11 11 8 8 11 7 8 8 11 11 11 11 ]
[ 11 8 11 11 8 8 11 11 11 11 11 11 8 11 11 11 11 11 11 11 11 11 8 8 11 11 ]
[ 11 8 11 11 11 11 11 8 11 11 11 11 11 11 11 11 11 11 8 11 8 11 11 ]
[ 11 11 11 11 11 11 11 11 11 11 11 8 11 11 11 11 8 11 8 11 11 11 11 11 11 8 11 8 11 11 11 11 11 11 11 11 11 11 11 8 11 11 8 11 8 11 11 ]
[ 11 11 11 11 11 11 8 8 8 11 11 11 11 11 11 11 8 11 11 11 11 11 11 11 11 8 11 11 11 11 11 8 11 11 11 11 11 11 11 11 11 11 11 8 11 11 11 ]
[ 11 11 11 11 11 11 11 11 11 11 11 11 11 11 11 11 11 11 11 11 11 11 ]
[ 11 11 8 11 11 11 8 11 11 11 11 8 11 8 11 11 11 11 11 8 8 11 11 8 11 11 11 11 11 11 11 8 11 11 11 11 8 11 11 8 11 11 8 11 8 11 8 11 11 11 11 11 11 11 11 11 11 11 11 ]
[ 11 11 11 11 11 11 11 11 8 11 11 11 11 11 11 11 8 11 11 11 11 11 11 11 11 11 11 11 ]
[ 11 11 1 11 11 11 11 8 11 11 11 1 11 11 11 11 11 11 11 ]
[ 11 11 11 11 8 11 8 11 11 10 11 8 11 11 11 11 11 8 11 11 11 11 8 11 11 11 11 ]
[ 11 11 11 11 11 11 11 11 11 8 11 11 11 11 11 11 11 8 11 11 11 11 11 11 11 ]
[ 11 11 11 11 11 11 11 11 11 11 8 8 11 11 11 11 11 11 11 11 ]
[ 11 8 11 11 11 11 11 11 11 11 11 11 11 11 11 8 11 11 11 11 8 ]
[ 8 8 11 11 11 11 8 11 8 11 11 11 8 8 11 11 11 11 11 11 8 11 11 8 11 8 11 ]
[ 11 1 10 11 11 11 11 11 1 11 11 11 11 11 11 11 11 11 1 11 11 11 11 11 11 11 11 ]
[ 11 1 11 11 11 11 11 11 11 11 11 11 11 11 11 11 11 11 11 11 11 11 11 11 11 11 11 11 8 11 11 8 11 11 11 11 11 11 8 11 1 11 11 11 8 8 ]
[ 11 11 11 2 11 8 11 11 11 10 11 8 11 11 11 11 11 11 11 ]
[ 11 8 11 11 11 8 11 11 11 8 11 11 11 11 11 11 11 8 11 11 11 11 11 11 8 ]
[ 11 11 11 8 11 11 11 11 11 11 8 11 8 11 11 11 11 11 11 11 8 11 11 11 11 11 8 11 8 11 11 11 11 11 8 11 11 11 11 11 8 11 11 11 11 11 11 ]
[ 1 11 11 11 11 11 8 11 11 11 11 11 11 11 8 11 8 11 11 11 11 11 8 11 11 11 11 11 11 11 11 11 11 11 11 8 8 11 11 11 11 11 11 8 11 11 11 11 11 11 11 11 11 11 11 8 8 11 11 11 11 8 11 11 8 8 11 11 11 11 11 ]
[ 1 11 1 11 11 11 11 11 11 11 11 11 11 8 ]
[ 11 11 11 8 8 11 11 11 11 11 11 11 11 8 11 11 11 11 11 8 11 11 11 11 8 11 11 8 11 11 8 11 11 8 ]
[ 11 11 11 11 11 8 8 11 11 11 11 11 11 11 11 8 11 11 11 11 11 8 11 11 11 11 8 11 11 8 11 11 8 11 11 8 ]
[ 11 11 11 11 8 11 11 8 11 11 11 11 8 8 11 11 11 11 11 11 11 11 8 11 11 11 11 11 8 11 11 11 11 8 11 11 8 11 11 8 11 11 8 ]
[ 11 8 8 11 11 11 11 11 11 11 11 8 11 11 11 11 11 8 11 11 11 11 8 11 11 8 11 11 8 11 11 8 ]
[ 11 8 8 11 11 11 11 11 11 8 11 11 11 11 11 8 11 11 11 11 8 11 11 8 11 11 8 11 11 8 ]
[ 11 11 11 11 11 11 11 11 8 11 11 11 11 11 11 11 11 11 11 11 11 8 11 11 11 ]
[ 11 11 11 11 11 11 11 11 8 11 11 11 11 11 11 11 8 11 11 11 8 11 11 8 11 8 11 8 11 8 11 8 ]
[ 11 8 11 11 8 11 11 11 11 11 11 11 11 11 11 11 11 11 11 11 11 11 8 11 11 8 11 11 11 11 11 11 11 11 11 11 11 11 11 11 11 ]
[ 8 11 11 11 8 11 11 11 11 8 11 11 8 11 8 11 8 11 8 11 11 11 8 11 11 11 8 11 8 8 11 11 11 11 8 11 11 11 8 11 11 11 11 11 11 11 8 11 8 11 11 11 11 11 11 11 11 11 11 11 11 11 11 11 11 11 11 8 ]
[ 8 11 8 11 11 11 11 11 11 11 8 11 11 8 11 11 11 11 11 11 11 11 8 11 11 11 11 11 8 11 11 11 11 8 11 11 8 11 11 8 11 11 8 ]
[ 11 11 11 11 8 8 11 11 8 11 11 8 11 11 11 11 8 11 11 8 11 11 8 11 11 11 8 11 11 11 11 11 11 8 11 8 8 11 11 8 11 11 11 8 11 11 8 ]
[ 11 11 8 8 11 11 11 11 11 11 11 8 11 11 11 11 11 8 11 11 11 11 8 11 11 8 11 11 8 11 11 8 ]
[ 11 11 8 11 11 11 11 11 11 11 11 11 8 8 11 11 1 11 11 11 8 11 11 8 11 11 ]
[ 11 11 11 11 11 11 11 11 11 11 11 11 11 11 11 11 8 11 11 11 ]
[ 11 11 11 11 11 11 11 11 11 11 11 11 11 11 11 11 ]
[ 11 11 11 11 11 11 11 11 11 11 11 11 11 11 11 11 11 11 11 11 8 11 11 ]
[ 11 11 11 11 11 11 11 11 8 11 11 11 8 11 8 11 8 11 11 11 11 11 8 11 11 8 11 11 11 8 11 8 11 11 8 11 11 11 8 8 ]
[ 11 11 11 11 11 11 1 11 11 11 11 8 11 11 11 8 11 11 11 11 8 11 11 ]
[ 11 11 11 11 11 11 11 11 11 8 8 11 11 8 11 11 11 11 8 8 11 11 11 11 8 11 8 11 11 11 11 8 8 11 11 11 11 8 11 8 ]
[ 11 11 11 11 11 8 11 11 11 11 8 11 11 11 11 11 8 11 11 11 11 8 11 11 11 11 11 11 11 11 11 11 11 8 11 11 11 11 11 ]
[ 1 11 8 11 11 8 11 11 11 8 11 11 11 11 11 8 11 11 11 11 11 8 11 11 11 11 8 11 8 11 11 8 11 8 ]
[ 11 11 11 11 11 8 8 11 11 11 11 8 11 11 11 11 11 11 8 8 11 11 8 11 11 11 11 11 8 11 8 11 11 8 11 11 11 11 8 11 11 11 11 8 11 8 11 11 11 11 11 11 11 8 11 11 11 11 11 8 11 11 11 8 11 11 11 11 11 11 11 11 11 11 11 ]
[ 8 11 11 11 11 11 11 11 11 11 8 11 11 11 11 11 11 11 11 11 11 11 8 11 11 11 11 ]
[ 11 1 11 11 11 11 11 8 11 8 11 11 11 11 11 8 11 11 11 11 11 11 11 11 11 11 11 11 11 11 11 11 11 8 8 11 11 11 11 11 11 8 11 11 11 11 11 11 11 11 11 11 11 8 8 11 11 11 11 8 11 11 8 11 8 11 11 11 11 11 8 ]
[ 11 11 11 11 11 11 11 11 11 11 11 11 11 11 11 11 11 11 1 11 1 11 8 ]
[ 11 10 11 11 8 11 8 11 11 11 11 8 11 11 11 8 11 11 11 11 11 11 8 11 10 1 8 11 11 11 11 8 11 8 11 8 8 11 11 11 11 11 11 11 11 11 11 8 8 11 11 11 11 8 8 11 11 11 11 ]
[ 11 11 1 11 11 11 11 11 11 11 11 11 11 11 11 8 11 8 11 11 11 11 11 11 11 11 11 11 11 11 11 11 11 ]
[ 11 11 11 11 11 11 8 11 11 8 7 11 11 11 11 11 11 11 11 11 11 ]
[ 11 11 11 8 11 11 11 11 8 11 11 8 11 11 8 11 11 11 ]
[ 11 1 11 11 11 8 11 8 11 1 11 11 11 11 11 8 11 11 11 11 11 11 8 11 8 11 11 11 11 11 8 11 11 11 11 11 11 11 11 11 11 11 11 11 11 11 11 11 8 8 11 11 11 11 11 11 8 11 11 11 11 11 11 11 11 11 11 11 8 8 11 11 11 8 11 11 8 8 11 11 11 11 11 8 ]
[ 11 11 11 8 11 11 8 11 11 8 11 8 11 11 11 11 11 11 11 11 11 8 11 ]
[ 11 11 11 8 11 11 8 11 11 8 11 11 11 1 11 11 11 8 8 11 11 11 11 8 11 11 11 11 11 8 11 11 11 8 11 11 8 11 11 8 11 11 11 11 ]
[ 11 11 11 11 8 11 11 11 11 11 8 11 11 8 8 8 11 11 11 8 8 11 11 11 1 11 8 11 11 8 11 11 11 1 11 11 11 11 8 11 11 11 11 11 11 11 11 11 1 11 11 11 11 8 8 11 11 11 11 11 11 11 ]
[ 11 8 8 11 2 8 11 11 11 11 8 11 11 11 11 11 11 11 11 11 11 11 11 11 8 11 11 11 11 1 11 11 11 11 11 11 11 8 8 11 11 ]
[ 11 11 8 11 11 1 11 11 11 11 8 11 8 11 11 11 11 11 11 11 11 11 11 8 8 11 11 11 11 11 11 11 11 ]
[ 11 11 11 11 8 8 11 8 11 11 11 11 11 11 11 8 8 11 8 11 8 8 11 11 11 11 11 11 11 11 11 11 11 8 11 8 11 11 11 8 8 11 11 11 11 11 8 11 11 11 11 8 8 11 11 11 11 11 11 11 11 11 8 11 11 11 8 11 11 11 11 8 11 8 ]
[ 11 11 11 11 11 11 11 11 8 8 11 11 1 11 11 8 11 11 11 11 8 11 11 11 11 8 11 11 11 ]
[ 11 11 11 1 11 11 11 11 11 11 11 11 11 8 11 11 11 11 11 11 11 8 ]
[ 11 11 11 11 1 11 11 11 11 11 11 11 11 11 11 11 8 11 8 11 11 11 11 11 11 11 11 11 11 11 11 11 11 8 11 8 11 ]
[ 11 11 11 11 11 11 8 11 11 11 11 11 11 11 11 11 11 11 11 11 11 11 11 11 1 11 11 11 11 ]
[ 8 11 11 11 11 8 11 11 11 11 11 11 11 11 11 11 8 11 11 11 11 11 11 11 11 11 11 11 11 11 11 11 11 11 11 11 8 8 ]
[ 11 11 11 1 11 11 11 11 11 11 11 11 11 11 11 11 11 11 11 11 11 8 11 11 11 11 8 11 11 11 11 8 ]
[ 11 11 1 11 11 11 11 11 8 11 11 11 11 8 11 11 11 11 11 8 11 11 11 11 11 11 11 11 11 11 11 8 11 11 11 11 11 8 11 8 11 11 11 11 11 11 11 8 ]
[ 11 11 11 11 11 11 11 11 11 11 8 11 11 11 11 11 11 11 1 11 11 11 11 11 11 11 8 11 11 11 11 11 1 11 11 8 11 11 11 11 11 11 ]
[ 11 11 11 8 11 11 11 11 11 11 11 8 11 11 11 11 11 11 11 8 11 11 11 11 11 11 11 11 11 11 11 11 8 ]
[ 11 11 8 11 11 11 1 11 11 11 11 1 11 11 11 11 11 11 11 11 11 11 8 11 11 11 8 11 11 11 8 11 11 11 ]
[ 8 11 8 11 11 11 11 11 11 11 11 11 11 11 11 11 8 11 8 11 11 8 8 11 11 11 8 8 11 11 11 8 11 8 11 11 11 8 11 11 9 7 11 8 11 8 11 11 11 11 11 8 11 11 8 11 8 11 11 8 11 11 11 8 11 8 11 8 11 11 11 8 11 11 11 ]
[ 11 11 8 11 11 11 11 11 11 11 11 11 11 11 11 11 11 11 11 11 11 11 11 11 11 11 11 11 11 11 11 11 11 11 11 11 ]
[ 2 11 8 11 11 11 11 11 11 11 11 11 11 11 11 11 11 11 11 11 8 11 11 11 11 ]
[ 11 11 11 11 11 1 8 11 11 11 11 1 11 11 11 11 11 8 11 11 11 11 11 11 11 1 11 11 11 11 11 11 8 ]
[ 11 11 11 11 11 11 11 11 11 11 11 11 11 11 11 11 11 11 11 11 11 11 11 8 8 11 11 11 11 11 11 11 11 11 8 8 ]
[ 11 11 1 11 11 11 11 11 11 11 11 11 11 11 11 11 11 11 11 11 11 11 8 11 11 11 11 11 11 11 11 11 11 11 11 11 8 11 11 11 11 ]
[ 11 11 11 8 11 11 11 11 11 1 11 11 11 11 11 11 11 8 11 11 7 ]
[ 11 1 11 11 8 11 11 8 11 11 11 11 11 11 11 1 11 11 8 11 11 11 11 8 11 11 8 11 11 11 11 11 11 11 11 11 11 11 11 11 11 11 11 11 11 11 11 8 11 8 ]
[ 11 11 11 11 11 8 11 11 11 8 11 11 11 11 11 8 11 8 11 11 11 11 11 11 11 11 11 8 11 8 11 11 ]
[ 11 11 11 8 11 11 11 11 8 11 11 11 8 11 11 8 11 11 11 8 8 8 11 ]
[ 8 11 11 8 11 11 11 11 8 11 11 11 11 11 11 11 11 11 11 11 11 11 11 11 11 11 11 8 11 8 11 11 8 11 8 11 8 11 11 11 11 11 11 11 11 11 11 11 8 11 11 11 8 ]
[ 11 11 1 11 11 11 11 11 11 11 11 11 11 11 11 11 11 11 11 11 11 11 11 11 11 11 11 11 11 11 11 11 11 11 8 11 8 11 11 ]
[ 11 11 11 11 8 11 11 11 11 11 11 11 11 11 11 8 11 11 11 11 11 11 11 11 11 11 11 11 8 ]
[ 11 11 11 11 11 11 11 11 8 11 11 11 8 11 11 11 8 11 11 11 11 8 11 11 1 11 11 11 11 11 11 11 8 11 11 11 11 11 11 11 11 11 8 11 11 11 11 11 8 11 8 11 11 ]
[ 11 11 11 11 11 11 11 11 11 11 11 11 11 8 11 11 11 11 11 11 1 11 1 11 1 11 1 11 1 11 8 11 11 11 11 11 11 11 1 11 1 11 1 11 1 11 11 11 11 11 11 11 11 1 11 8 11 11 11 11 11 11 11 11 ]
[ 11 11 11 11 11 11 11 11 11 8 11 11 11 11 11 8 11 11 11 11 11 11 11 11 11 8 11 8 11 11 11 8 11 11 11 11 11 11 8 11 8 8 ]
[ 11 10 11 11 8 11 11 8 11 11 11 11 11 8 11 11 11 11 11 11 8 11 11 11 11 11 11 8 11 11 11 11 11 11 11 11 11 11 11 11 11 11 8 11 11 11 8 11 11 11 11 11 8 11 ]
[ 11 11 11 11 11 11 11 11 11 11 8 11 11 11 11 11 8 11 8 11 11 11 11 8 11 8 11 11 ]
[ 8 8 11 11 11 11 8 11 11 11 11 11 11 11 8 11 8 11 11 11 11 11 11 8 11 11 11 11 11 8 11 8 11 11 8 11 11 ]
[ 11 11 11 11 11 11 11 11 1 11 11 11 11 11 11 11 11 8 8 11 11 11 11 11 11 11 11 11 8 11 11 11 11 11 11 11 11 11 1 11 11 11 ]
[ 11 11 11 11 11 11 11 11 11 11 8 11 11 11 8 11 11 11 11 11 11 8 11 11 8 11 11 8 11 11 11 11 11 11 11 11 8 11 11 11 11 11 11 11 11 11 11 11 8 ]
[ 11 11 11 11 11 11 11 11 11 11 11 11 11 11 11 11 11 11 11 11 11 11 8 11 11 11 11 11 8 8 11 11 11 11 8 11 11 11 11 11 11 11 11 11 1 11 11 11 11 11 11 11 8 8 11 8 11 11 ]
[ 11 11 11 11 11 11 11 11 11 11 11 11 11 11 11 11 8 11 11 11 8 8 11 8 8 8 11 11 11 11 8 11 11 8 11 11 11 8 ]
[ 11 11 11 11 11 11 8 11 11 8 11 11 11 8 11 11 11 11 11 8 11 11 11 8 11 11 11 8 11 11 11 11 11 11 11 11 11 11 11 11 11 11 11 11 11 11 11 11 11 11 11 11 11 11 11 11 11 11 11 11 11 11 11 11 11 11 11 ]
[ 1 11 11 11 11 11 11 11 11 11 11 11 11 1 11 11 11 11 11 1 11 11 8 11 11 11 8 11 11 11 8 8 11 11 11 11 11 11 11 11 11 ]
[ 11 11 11 11 11 11 11 11 11 11 11 11 8 11 11 11 8 11 11 11 8 11 11 11 11 11 11 8 11 11 11 11 8 11 11 8 11 8 11 8 11 11 11 11 8 8 11 11 11 11 11 11 11 11 11 11 8 8 11 8 11 11 11 11 11 11 8 11 11 11 11 11 8 ]
[ 8 8 8 11 11 11 11 8 11 8 11 8 11 11 11 11 11 11 11 11 11 11 8 11 11 7 11 11 11 11 8 11 8 11 11 11 11 11 ]
[ 11 11 11 11 8 11 11 11 11 8 11 11 1 11 11 8 11 11 8 11 8 11 11 11 8 11 8 8 11 11 11 11 11 11 8 8 11 11 11 11 11 11 11 11 8 11 11 11 1 8 11 8 11 11 11 8 11 11 11 8 11 11 11 11 8 11 11 11 11 11 11 11 11 11 11 11 8 11 11 11 11 8 11 11 11 11 11 11 8 11 11 11 11 11 11 11 11 8 11 11 11 ]
[ 8 8 11 11 8 11 8 8 11 11 11 11 11 8 11 11 11 11 11 11 11 8 11 8 11 8 11 8 11 11 11 11 11 11 11 8 8 11 11 11 11 11 8 11 11 8 11 11 11 11 11 8 11 11 8 11 8 ]
[ 11 11 11 11 11 11 8 8 11 11 11 8 11 11 11 11 11 8 11 11 11 11 11 11 11 11 11 11 11 8 11 11 11 11 8 11 8 11 8 11 11 11 11 11 11 11 11 11 8 11 11 11 11 8 11 11 11 11 8 11 11 11 11 8 11 11 11 11 11 11 11 11 11 11 11 11 8 11 11 8 11 8 11 11 8 11 11 11 11 11 11 11 8 11 11 11 11 11 ]
[ 2 11 11 11 11 2 8 11 11 11 2 11 8 11 11 11 11 11 11 11 11 11 11 11 11 11 8 11 8 11 11 11 11 11 8 11 11 11 11 11 11 11 11 11 11 11 11 11 11 11 11 11 ]
[ 1 11 11 8 11 8 11 11 11 11 10 1 11 11 8 8 8 11 11 11 11 11 11 8 8 8 11 11 11 11 8 11 11 8 11 11 11 11 11 8 11 8 11 11 11 11 11 11 11 11 8 11 8 11 11 ]
[ 8 11 11 2 11 2 11 11 11 11 11 11 11 11 8 11 11 11 11 11 1 11 11 11 11 11 8 11 11 11 11 11 11 11 8 8 11 11 11 11 11 11 11 8 8 11 1 11 11 11 8 11 11 11 11 8 11 11 8 11 11 11 11 11 11 11 8 11 11 11 8 11 11 8 11 11 11 11 8 11 11 11 11 11 11 11 11 11 11 11 11 11 11 11 ]
[ 11 11 11 11 11 11 11 11 11 8 11 11 11 11 11 11 11 11 11 8 11 11 8 11 11 11 8 11 11 8 11 11 8 11 8 11 11 11 11 11 11 11 11 11 11 8 11 11 11 11 11 11 11 ]
[ 11 11 11 11 11 11 8 11 11 11 11 11 11 11 11 11 8 11 11 8 11 11 11 8 11 11 8 11 11 8 11 8 11 11 11 11 11 11 11 11 11 11 8 11 11 11 11 11 11 11 ]
[ 11 11 11 11 11 11 11 11 11 8 11 8 11 11 11 11 8 11 11 11 8 11 8 11 11 11 8 11 8 11 11 11 11 11 11 11 11 11 11 11 8 8 11 11 11 11 11 8 11 11 11 11 8 11 11 11 11 11 11 11 11 11 11 11 11 11 8 11 11 11 8 8 11 11 8 11 11 11 11 11 11 11 11 11 11 11 1 11 ]
[ 11 10 11 11 11 8 11 11 8 11 11 8 11 11 11 11 11 8 11 11 8 11 11 11 11 11 11 8 11 8 11 11 11 11 11 11 11 11 11 11 11 8 8 11 11 8 11 11 11 8 8 11 11 11 11 11 11 11 8 11 11 8 11 11 11 11 11 11 11 8 11 11 11 11 11 11 8 11 11 11 11 11 11 8 11 8 11 11 11 11 11 11 11 11 8 11 11 11 11 8 11 11 1 8 8 11 11 11 ]
[ 8 11 8 11 8 8 11 8 11 8 11 8 11 8 11 11 11 11 11 11 11 11 11 8 11 11 11 11 11 11 11 8 11 8 11 11 8 11 11 11 11 11 11 11 11 11 11 8 11 8 11 11 11 11 11 11 8 11 11 11 11 11 11 11 11 11 11 11 11 11 11 11 11 11 11 11 11 8 11 11 8 11 11 ]
[ 11 11 11 11 11 11 11 7 11 8 11 11 11 8 11 11 11 11 11 11 11 11 11 11 11 11 11 11 11 11 11 11 8 ]
[ 11 11 11 11 7 11 8 11 11 11 8 11 11 11 11 11 11 11 11 11 11 11 11 11 11 11 11 11 11 8 ]
[ 11 11 11 11 11 11 8 11 11 11 11 11 8 11 11 11 11 8 11 11 11 11 11 11 11 11 11 11 11 11 11 11 11 11 11 11 11 11 11 11 11 11 8 11 11 11 11 11 11 8 11 11 11 11 2 8 11 11 11 11 2 11 8 11 11 11 11 11 11 11 8 11 11 11 11 11 11 11 11 11 11 11 11 11 11 11 11 11 11 8 11 11 11 11 11 11 11 11 11 11 11 11 8 11 11 11 8 11 11 ]
[ 11 11 11 11 11 8 11 11 11 11 11 11 11 11 11 11 11 11 11 11 11 11 11 11 11 11 11 11 11 11 8 8 11 11 11 11 11 11 11 11 8 11 11 11 11 11 11 11 11 11 11 11 11 11 11 11 11 11 11 11 11 11 11 11 11 11 11 11 11 11 11 ]
