-3.783564325435932574e+00
-5.768400806629461641e+00
-1.903132949984219557e+00
-6.600366810286008024e-01
-6.293222008499163245e+00
-5.633178890359084257e+00
-4.266833887232643008e+00
-2.634856986411075130e+00
-5.316469809626052090e+00
-4.906049589715011372e+00
-9.527208997833254145e+00
-4.897409069559173211e+00
-6.397094820237642310e+00
-5.892609967182078634e+00
-1.384232633809599600e+00
-4.562440859816339511e+00
-4.622537892691934047e+00
-3.041222827888115265e+00
-6.972012995113440859e+00
-2.728780876303632752e+00
-1.072667319933535923e+00
-3.313752637012860269e+00
-6.482427938985052762e+00
-1.659041960940139449e+00
-6.900731549186275293e-01
2.527303815723281888e-01
-7.069226450566618247e+00
-5.498569565580701202e+00
-1.387910394610127973e+01
-1.279505067156788023e+01
-7.328015597760344502e-01
-5.214958926833000774e+00
-1.408177119834669533e+01
-5.946714143345745995e-01
-2.997656868799595919e+00
-3.901201078562255731e+00
-5.160130358414607876e+00
-3.873650687763116274e+00
-3.848069295479448648e+00
-6.278555022000103847e+00
-5.511681904282575081e-03
-1.347922381653999802e+00
-1.755370448014551998e+00
-7.757171700768818567e+00
-2.542401389234038245e+00
-9.520663094906360868e+00
-6.275597966554980367e+00
-6.337697193923544248e+00
-3.142137024989544614e+00
-6.537191829972219814e+00
-1.123297662688377230e+01
-5.193129564738044657e+00
-8.267268550818664963e+00
-4.494564015875382346e+00
-5.743458588537623477e+00
-1.140900033536575897e+01
-2.598746724285236898e+00
-2.248633486070015230e+00
-2.083604015074893567e+00
-2.811441560164298803e+00
-4.838818021767933075e+00
-1.840948242608977825e+00
-3.607195979307464384e+00
-5.031306529596034416e+00
-1.434254993133584755e+01
-7.665659432194261491e+00
-6.736182634863775220e+00
-5.401575703197582179e+00
-5.455823925261282348e+00
-5.819057292011532212e+00
-4.583972340813883939e+00
-1.572494221446516782e+01
-5.426327839101324102e+00
-5.564296233001799763e+00
-1.437326523817480428e+01
-7.105806086779915098e+00
-4.333797350345072630e+00
-6.500348348184856739e+00
-5.703029623576703955e+00
-3.670920503133595414e+00
-5.882486411654987535e+00
-5.232400708877237960e+00
-3.336507098839817775e+00
-2.341707808872001417e-01
-1.504459780139511871e+00
-2.314493003824798389e+00
-6.305165062881716409e+00
-1.251721961395175775e+01
-3.858840157015615890e+00
-3.410880733273095267e+00
-6.465457423538762960e+00
-4.591934557569847364e+00
-5.755382065190651097e+00
-3.998838302672695466e+00
-4.178577069540748923e+00
-9.046524225353342885e+00
-4.819519067827913616e+00
-4.907455336895448994e+00
-5.105387208033506319e+00
-1.193452119673309220e+01
