-4.224673588162243476e+00
-4.888393465067708554e+00
-3.155284715280667562e+00
-3.108332151791462827e+00
-3.262456180978633213e+00
-6.502823326695973627e+00
-5.859215482434353639e+00
-5.457252938213567717e+00
-4.632751370070328001e+00
-2.753886948949100688e+00
-5.715340832219241385e+00
-4.101223442722636392e+00
-2.585450959231010426e+00
-3.669896943594197047e+00
-4.578480061675337609e+00
-6.055453678008825946e+00
-3.835405394902578369e+00
-2.312710297684225758e+00
-3.545962627761801045e+00
-4.579791569836451970e+00
-1.825896285414592590e+00
-3.969458796111092980e+00
-3.417753930786048500e+00
-5.230938538071545629e+00
-2.921358468541470188e+00
-4.854989125339268519e+00
-1.899889698268346860e+00
-4.956612435831775798e+00
-4.469256961159707942e+00
-2.781381345236723757e+00
-6.454922949970021584e+00
-6.463969520655085788e+00
-3.785461791461197212e+00
-3.777515975911113433e+00
-3.625899253309661230e+00
-4.684831185994263514e+00
-3.225867635140533984e+00
-3.628607068013666836e+00
-5.740175321990532709e+00
-5.293031431020892796e+00
-2.946830193127154551e+00
-2.797426916256602780e+00
-2.633728047343756984e+00
-1.851245874621903154e+00
-4.752559312835606953e+00
-4.242155286957803639e+00
-4.171259795163355655e+00
-3.951734779108919238e+00
-3.697419378452916572e+00
-2.136616676721623698e+00
-2.404383743472644053e+00
-5.170538693445478451e+00
-4.792066698649260381e+00
-4.923481544405325927e+00
-2.583748217399079561e+00
-4.656563377655624336e+00
-2.032631490985860268e+00
-1.050248187636309227e+00
-1.467661251908063180e+00
-3.496759407198281711e+00
-1.846433188770989497e+00
-3.522098213990192406e+00
-5.528733895296920053e+00
-2.407538488745683658e+00
-4.372999120613174640e+00
-5.632001043594404344e+00
-3.248443136336970571e+00
-3.488450462968278654e+00
-5.936079992320149046e+00
-3.614610775663283704e+00
-1.657610447310147839e+00
-4.350913785845921922e+00
-1.029628898608659471e+00
-3.247592159885150043e+00
-2.645732682566260152e+00
-4.585725203949911233e+00
-4.197164289011567462e+00
-5.577900375509551312e-01
-6.491700570795035929e+00
-2.925908803130529812e+00
-3.281008244057953771e+00
-4.117898240513565788e+00
-5.737900822057347305e+00
-1.343493780674088089e+00
-3.216988598933572696e+00
-5.946586779557074820e+00
-5.216714149823662439e+00
-4.170969812396768006e+00
-5.053062107744183074e+00
-4.044457275805308782e+00
-5.284448410919989847e+00
-4.193992703979381176e+00
-5.596740294136234084e+00
-3.465950343963874136e+00
-2.399508868820084739e+00
-5.084576578885044107e+00
-5.896615343398605269e+00
-5.743986649367047725e+00
-4.874701382684270889e+00
-4.752754600060751677e+00
