3.212205867468459486e-02
1.841112684027403357e-01
-3.633696720612544229e-01
-4.018650295206539491e-01
-5.699789383763540634e-02
7.942992874203123888e-02
8.744102780647455830e-02
8.679839204402578501e-02
2.609102492287735942e-01
-6.244456363155285183e-01
1.957357624483752612e-01
1.126387954001036307e-01
3.302750748575699613e-01
1.697663636830523126e-01
8.311876810027994666e-02
-1.293133270855338079e-01
-1.500846488731588657e-01
-1.278918919103913254e-01
1.726212104590573171e-01
-2.609419738197329974e-01
1.988931677815641563e-01
4.798998023321988660e-01
9.909338587205048648e-03
2.256713220217151095e-01
2.960397798990343499e-01
-5.544434980707484834e-02
9.096620446944093941e-02
-5.849170531123731691e-03
-2.841116753140873197e-01
1.905567356684276237e-01
4.446130072335904293e-01
-1.407017483161703518e-02
1.939018524546609612e-01
4.338643559615337209e-01
-4.843860105270075128e-02
2.578703038034146910e-01
4.632893468125661163e-01
2.062222370568520258e-01
2.119441410474568466e-01
8.158734216973002884e-02
-1.641629207954195258e-01
1.507394596066901904e-01
-2.376760265984769471e-01
2.636943250280746054e-01
2.933345586600594017e-03
1.953985346466883266e-01
3.949472263620034118e-01
7.563757772504266230e-02
-3.113491901357948177e-02
1.673653078647436288e-01
2.156304503909853287e-01
-1.819427824851383990e-01
7.974071824611392301e-02
-1.349574928394118023e-01
-1.377529908163753203e-01
-1.592366984675231412e-01
1.731146500751689354e-01
-8.022839181866674163e-02
3.747271766190904407e-01
8.106056675624691288e-02
-6.914571926262037815e-02
-5.949738589093766378e-02
5.636563290219079869e-01
5.808162611586490526e-02
-4.394740368758948690e-01
3.073059918997161910e-02
-7.168389628777926958e-02
2.314221879854960473e-01
-3.403256334393279237e-01
-2.147917662314081672e-03
-2.251728541115037840e-01
-1.212327599523036620e-01
4.090164472069582335e-01
1.519456880371937713e-01
1.486926489663139284e-01
1.001687115422072311e-01
-1.519061324040551597e-04
3.239087671944587132e-01
4.250621905100245013e-02
-1.671886589263502088e-01
-1.969999691497267280e-01
8.130279766179500378e-02
-5.926603357577302916e-02
-2.878686571998356758e-01
3.080349089331133605e-01
3.405268010431263259e-01
2.344946123903956514e-01
2.011028619188581779e-01
1.947167714714471976e-02
2.568776411311581714e-02
-1.403278129479205161e-01
1.373058212641828646e-01
-1.136957825016674320e-02
1.992191788762371907e-01
-1.308653950685351348e-02
1.084544555050435122e-01
1.217768989021350834e-01
-7.667538477136362496e-02
1.624394072974812975e-01
-3.671333768240856443e-01
