3.979819007878063530e+00 1.734425807912874484e+00 1.509462692205749690e+00 -1.384472213245471206e-01 -8.600240852998315699e-02 -8.718014526615863735e-02 -9.574011228109210458e-01 -4.756970374100387700e-01 -9.627953797445986339e+00 -3.858857216563343212e-02 -1.393571348428403467e-01 4.168192427002767708e+00
5.906003864205442433e+00 -1.057128131283642247e+00 -2.808869177473845014e+00 3.481151641911157224e+00 -1.213205220700347697e-01 -1.660702258210295934e-01 -1.090674598347833424e+01 2.221906399440920055e+00 1.805594189492887969e+00 -1.143721495312653158e-01 -5.739056300327512794e+00 7.486894587370459320e+00
2.427553739924080745e+00 7.557147139186404239e-01 -4.313129042652155687e-01 9.025268235520868265e-02 -8.635231728273032314e-02 -6.918271928138527982e-02 -1.428876397804941245e+00 -2.228365329694261820e+00 9.912240708878673701e+00 -5.237430183183326704e-02 -3.242262190429172630e+00 -5.586983079084104631e+00
-3.053097984848810231e+00 -1.101386560378359469e+00 4.584281292116192119e-02 3.265523934629274372e+00 -5.178436627553400368e-02 -3.659266771485724518e-02 8.300374456437134896e+00 -7.134168571805956205e+00 1.739255413036016940e+00 -9.311097672874378561e-02 -3.311485423951260554e+00 1.443033416818236603e+00
-1.477651269764415520e+00 8.064974183251431006e-01 -3.126910403535231975e+00 1.056530870873231942e+00 -1.087059250724006082e-01 -1.095341045728200485e-01 4.376296381667321711e+00 6.270219437657632788e+00 -1.222414225431287527e+01 -9.213887206270635066e-02 -1.472973232158472534e+00 6.176472229037739403e+00
7.292966663398567917e-01 1.977713948028975821e+00 9.206410858099900452e+00 1.945266358758474423e+00 -9.445244321436516155e-02 -4.441035517973556529e-02 5.439263511695756614e-01 -1.487078258994068425e-01 -1.145457213045774303e+01 -3.396837950748171631e-02 2.453638592468630808e+00 -5.166461220150845080e+00
-7.998049989942181970e-01 -1.326545687325980882e+00 -1.159470313016981446e+00 2.469059562560144805e+00 -9.108057374158061437e-02 -7.504205530443475158e-02 7.181301169879836799e+00 -2.808165967630976034e+00 -3.211707600601371837e+00 -4.655955293883352886e-02 -2.637776319116094115e-01 1.482507309212286462e-01
1.467939718592748299e+00 6.939161408268023301e+00 -9.171018712794547223e-02 3.559647840034790622e+00 -5.768113729264204986e-02 -4.483846784463992735e-02 -1.865505308273164520e+00 -6.249517539704823932e+00 3.819973794632233410e+00 -1.004398390216325043e-01 -5.380859688948519404e-01 -6.979689693994714617e+00
-1.024327875799586757e-01 3.579204658817331186e+00 -1.428905659562077712e+00 -8.483288494875702579e-01 -2.836519703383482208e-02 -4.195624072595528775e-02 1.887299895423277141e+00 4.034787204230529056e+00 -5.842596481165052147e+00 -4.265762088961469467e-02 -7.226952001205714460e+00 6.068449696338318766e+00
-5.881566431251959770e+00 3.150363156375840301e+00 -5.953599048179418318e+00 -8.178892541560054852e+00 -1.283154200667148415e-01 -1.345149376290053767e-01 -3.846066677647391963e+00 2.862778842363479459e+00 3.195484125237337825e+00 -1.004615592665384083e-01 9.207889099964004842e+00 5.828194157927164554e+00
-1.483450153513386827e+00 4.781947178362157658e+00 3.483040704830460688e-01 9.238927580289618691e-01 -6.177954208744444037e-02 -5.797244763848233978e-02 -2.494474190837229433e+00 6.417032903674310340e+00 1.809111654204535347e+00 -1.013961274522861555e-01 -9.666076891771528956e-01 -9.225468507614559499e+00
-3.766351863279739365e-01 3.712759562501939392e-01 -1.014678090496252238e+00 6.663566687202412409e-01 -3.946056420397263398e-02 -7.711714904502971202e-02 1.048857563942203086e+00 4.023840858917155039e+00 2.750033908907231428e+00 -2.087387994871805000e-02 5.624330390328658780e+00 -1.301699713172430961e+01
-5.414482424371571234e+00 -8.498037034491083830e+00 -6.073675854370218730e+00 1.137225702218174916e+01 -1.272722271008051298e-01 -1.439010893754423537e-01 -2.096151530779903016e+00 8.582005921225297485e+00 4.721062241930680692e+00 -1.180863920863232802e-01 -5.238693799515460547e+00 2.843079436045663932e+00
2.989380371697732963e-01 2.392855348981240304e+00 -2.639774206245468768e+00 1.099717425635951956e-01 -3.778334437565075699e-02 -7.961548884928676406e-02 6.898185718138861999e-02 -3.112313566637312512e-01 7.032051005665350685e-01 -9.860637265323553280e-02 -1.312240519524441318e+00 8.228437147978513444e-01
-8.931963825041399074e-01 -5.594588119537159621e+00 4.363206385717969482e+00 2.220243733952523613e+00 -3.903496055736837417e-02 -4.717985208893878124e-02 -6.527846888790305169e-01 3.811457531058540127e+00 6.112260845728700431e+00 -2.488228063496809167e-02 -7.114073983180663197e-01 -8.567202400567818898e+00
-3.893122700709394923e-01 -8.339223438707986380e-02 -2.110752326916884414e+00 1.611214850528585041e-01 -5.088873278459249416e-02 -3.226693665885277396e-02 -5.919005917904335279e-01 1.164712426997950523e+00 -1.525169528898105975e-01 -4.945655367400071667e-02 -9.659913363630452665e-02 2.274964630948104194e+00
1.276630690839789528e+00 6.978958899305917063e-01 1.579385467334663840e-02 -6.384287677110320747e-01 -5.670785925663322097e-02 -8.874175381027167575e-02 1.303939155365291702e+00 -4.980824039829196082e+00 -8.411972745199383539e+00 -7.181674964863676847e-02 5.005708244032095244e+00 6.001639549205929569e+00
-4.143660007314912797e+00 8.805067278846493428e-01 -6.379917162956900256e+00 2.742068566037008659e-01 -7.356732679831298749e-02 -1.009851961418702648e-01 -2.755852240049398993e+00 7.370933160643599713e+00 3.339013247746935420e+00 -1.189077394163553514e-01 -2.554566444613751486e+00 4.211258499359984420e+00
-6.267557085401500139e+00 7.702280724398444356e+00 2.995322521158441109e+00 3.278253624875496541e+00 -1.948454702569881597e-02 -1.388000606819484589e-02 -2.617162262752859014e+00 -5.088438486732514754e+00 -2.635735129706568980e+00 -2.917339431306710182e-02 -1.512912276609132745e+00 4.216104939684489850e+00
-2.315079760836666334e-01 -3.022384254605062770e-01 -1.109597728204366751e+00 5.748846190017403934e+00 -5.655407475087636388e-02 -3.908406333707008934e-02 -1.246241758510103700e-02 -4.102324716578454655e+00 -6.531403829766627922e+00 -7.835662332566141475e-02 1.097813349201905320e+00 5.683661757339024234e+00
3.122404259064310850e+00 3.631101929446057391e-02 -5.316735999290375325e+00 -7.525353764210025886e+00 -8.847021731361612296e-02 -1.108991228467599843e-01 -6.045900584166476577e+00 4.892627941023480531e+00 7.826586220443090269e+00 -1.033875895067217499e-01 -4.658793055681663908e+00 8.029931558133180047e+00
-4.714911250835499779e+00 -4.940495597093118363e+00 -2.631022024317243968e+00 1.578966753649999832e+00 -1.200598990711434777e-01 -5.249772074198368055e-02 2.054630092172923916e+00 6.559294098997488831e+00 -5.201709309335942777e+00 -1.201851098063637102e-01 4.837775489474104518e+00 2.830864945194940585e+00
8.822904107204735169e+00 -6.060696704738465002e+00 -8.464872865033997940e+00 -1.258345351707317095e+00 -5.201065165575239485e-02 -5.082862384346663320e-02 4.069773443400419133e+00 -4.567344439440353732e+00 2.294193221717058417e+00 -5.751894773713926712e-02 1.912436885283549381e+00 3.597684407411061880e+00
2.947841160874186350e+00 -9.627428326514966272e+00 7.481980782512106742e+00 4.643333165647989258e-01 -1.112571684766041624e-01 -9.866914924044538349e-02 -5.334354008808301906e+00 -7.815465072874523855e+00 7.011788092405008221e+00 -4.772059048674839876e-02 -8.474200827586867435e-01 5.949367593812842969e+00
-4.021978109014482605e+00 -4.928628081907508118e+00 2.531046045998861516e+00 -2.077114028538037172e+00 -1.867791014577974140e-02 -8.645521487187553256e-02 4.731088595043316580e+00 2.507099502955612569e-01 -7.607645135036861461e+00 -6.835066080011886758e-02 5.044913605964165271e+00 6.181004647399462648e+00
2.049389810671462087e+00 -2.219654726298827541e+00 -2.444355087871192378e+00 -2.867518353552723998e+00 -4.656725727485137162e-02 -9.992927085206780580e-02 -1.233954896463567596e+00 -9.870978967220787048e-01 -3.629124539712271336e+00 -3.452357182241833078e-02 1.507331283139373479e+00 9.969257164218365830e+00
-3.280457949399980588e+00 1.988888500706929241e+00 -1.358406317397478080e+00 -1.375082059963074199e+00 -8.413400045671132199e-02 -3.988201351331808336e-02 -3.492888065175326684e+00 -5.823874530704387098e-01 4.880384490725822921e+00 -7.085131880837010343e-02 1.652676930365462038e+00 1.625324399202410230e+00
-4.361139396117144962e+00 -4.617346583199799070e+00 1.494051870155619577e+00 5.596101975232354420e+00 -4.442642038283265565e-02 -3.033618133289412572e-02 3.298812591695188701e+00 -4.220723274622438126e+00 8.498222056615754028e+00 -2.581783420954797403e-02 -3.431871541117305302e+00 -2.080019088435467456e+00
3.981109554998051525e+00 -4.378356309903283616e+00 -2.251772277905690345e+00 3.555095460186225687e+00 -6.501491241198838200e-02 -7.008713942855461509e-02 -1.064167748127091029e+00 7.901802775621590058e+00 -1.263312290383837677e+01 -1.026020966774697091e-01 4.020269407329246647e+00 1.121370448110013518e+00
-1.128155288130567868e+00 -1.474025006640565794e+00 -6.488729669877116857e-01 -7.446871197935877040e-01 -7.419005808821813042e-02 -5.579918072035611187e-02 3.301472058668331488e+00 -1.872568677444813812e+00 6.523313264267824430e+00 -8.742258575467966308e-02 -1.827179352461984818e+00 -1.964503562628221678e+00
1.518535488660731181e+00 -4.250306107784693310e+00 1.212835305449486434e+01 5.230461349844217622e+00 -1.464450658779819503e-01 -9.837422083707274278e-02 4.763943109008504706e+00 -5.507867736148926774e+00 -1.261121059660043953e+00 -1.444881628420699171e-01 -2.763041152653666899e+00 -9.582839572439459275e+00
2.672896613709335067e+00 -1.197465674459488705e+00 -2.062699062935197336e+00 -6.063551175887230693e-01 -3.529184294189398330e-02 -8.900951825707138776e-02 -1.578544308448620592e+00 1.044782809763965314e+00 7.502248473555821029e+00 -5.605108799644782647e-02 9.189131973628515970e-01 -6.588463931062137569e+00
7.464698953410832338e+00 3.920483804953367457e+00 -7.536997903590614278e+00 -5.529646265679846184e-01 -4.169602320493381170e-02 -9.296000846409682716e-02 7.073468305349537744e+00 -3.892757678441027824e+00 1.065637712378032287e+00 -3.583396307748409892e-02 -5.850399588022598074e+00 -1.511887120556997033e+00
-1.256875190991139313e+00 -5.172478076068313335e+00 -4.962248173668900364e+00 -3.715966773609271634e+00 -6.246814383837778761e-02 -1.184029064258850378e-01 -2.216877376440514524e+00 4.559295552721168043e+00 1.413808292761648433e+00 -4.853002609040056592e-02 4.221091515913168557e+00 7.407256175884369576e+00
4.680860303637530695e-01 -5.103318466114639129e-01 -6.213187374482908254e+00 2.783088952480671230e-01 -6.160525117170320697e-02 -1.075694059822037835e-01 -1.411500135742153494e+00 2.463861346118916273e+00 1.115488647750361162e+00 -9.774222281740135854e-02 2.719365418300467852e+00 1.502852744070446667e+00
3.555069889302557851e+00 2.503535578639207060e+00 -1.796940231341434657e+00 -2.514794236888430401e+00 -5.094340198367153238e-02 -1.718229649061134290e-02 7.459147969173302251e+00 8.580795428323256813e-01 2.141581230485560816e+00 -7.505248632632599559e-02 -4.672117761061309160e+00 -7.374892664178644530e+00
-1.835717024406882558e+00 4.105676357898607520e+00 1.204680300272285454e+00 -1.640960566080224892e+00 -9.416124568043952869e-02 -1.032262743958029527e-01 3.828961183239417476e+00 4.096399846364640496e+00 -1.011632169477404375e+01 -9.143568718195017875e-02 1.467641540855567639e+00 -8.941722832561751488e-01
3.032720685128149074e-01 -2.822189001086620852e+00 -5.496892975930281366e+00 -2.439505880124868686e-01 -7.221270767665718959e-02 -8.338095477306507741e-02 -9.357861512970812035e-01 2.464554369132864853e+00 2.088033544925827822e+00 -1.240775251326417528e-01 2.684271173381046260e+00 2.289216076366197949e+00
6.285494996945332202e-01 8.695464556912126497e+00 2.728699165003327654e+00 -4.162362491789257657e-01 -6.142512889247176561e-02 -9.166456901318442707e-02 4.704418742843075485e+00 -8.327917078505988613e-01 -7.152440242129134873e+00 -1.259528345218338397e-01 3.650647840203968819e-01 -8.448638730345104264e+00
9.512247143729137377e+00 -2.014215036657220903e+00 -1.549673703117671719e+00 -6.734067943029009573e-01 -9.145173972413053742e-02 -3.857558277736884006e-02 1.639516117141547102e+00 -3.043046385075799942e-01 -6.186365990762886291e+00 -6.933056181775124061e-02 1.366678279705961785e+00 -1.667663305976475385e+00
-3.620656420824460042e+00 -4.491685978967266735e+00 1.853857421592334687e+00 2.472268641569636660e+00 -3.351889140573167947e-02 -6.519485518711946870e-02 4.910550567059159377e+00 -2.575682215407513187e+00 -5.714673262592713243e+00 -2.321900711644739324e-02 -5.579934346603123707e-01 8.008575458011595316e+00
-4.764463044135934133e+00 -8.529853602472465823e+00 -4.050064699777190746e+00 -2.384302644498041523e+00 -9.984191499851745311e-02 -7.467896881605019799e-02 -4.462168367274728986e+00 1.359398562950220102e+00 5.297694397842459324e+00 -1.199105006797685641e-01 1.290318681168795401e+01 4.953081731766199702e+00
1.660161931318398620e+00 2.422291282017253966e+00 -4.046875323678611913e+00 -3.502310343340996890e-01 -7.665072946255564734e-02 -6.854703395021850831e-02 -1.913100335753560977e+00 -3.088917722098272645e+00 -7.808299124468852659e-01 -1.141838733437860604e-01 9.531542034167045374e-02 6.211485064122792998e+00
9.469832506999218413e-01 1.272598915909074202e-01 1.751980014952764009e+00 -2.355870916770002876e-01 -2.937434957642611269e-02 -3.334207458141712904e-02 -8.351960316629138958e-01 -1.673788105156253536e+00 -1.302860012046443039e+01 -3.926780504974518304e-02 -1.512935430168594664e+00 1.462953747351641809e+01
-3.300746849239748038e+00 -1.684109328818062856e+00 7.379586287643862264e-01 -1.848376356744715898e-01 -2.923674000245692767e-02 -5.123827765912986748e-02 -4.464546479873793272e-01 -1.905844413493773981e+00 1.132675774571575289e+01 -3.411724345094797883e-02 -8.591465968613094528e-01 -3.546848268661543013e+00
3.875566180875534172e+00 1.450360254764545109e+00 -9.602452898735924780e-01 -2.055944822695581209e-01 -1.219427037352867754e-01 -1.296751081826683638e-01 -7.868074554831467893e-01 -3.199509068211948914e+00 -4.365630200226746326e-03 -1.445150121963287293e-01 -1.759007092888762003e+00 1.940744564959837160e+00
-2.002320944246030118e-02 -5.440778925109237996e+00 -2.653634693860694505e+00 -1.667364584909811320e+00 -6.779398513786866198e-02 -7.787467748680050594e-02 -1.658181464211747835e+00 4.081676785499247728e+00 7.947213809534952489e+00 -7.191343784918079185e-02 -2.832278733658337155e-01 -1.891725641365088126e-02
2.032432079175421791e+00 -1.595972720295468217e-01 -1.847084864419121564e+00 9.626153981819082217e-01 -6.130836625208075513e-02 -3.089423438197517677e-02 -4.067759519371156429e+00 -1.680596948662212320e+00 -5.684862745654755578e+00 -5.057942714580494770e-02 -7.494025332498152059e-01 1.139727469758289402e+01
-1.652257679609138163e+00 -1.737605393427777534e+00 -5.373458682657918040e+00 5.910283906771632623e+00 -1.055935508401211892e-01 -9.947420040332660696e-02 2.430409244547195868e+00 -6.145729303042822167e+00 5.421822489015249324e+00 -1.329199699643765498e-01 -2.641918313433172738e+00 4.069208479312665716e+00
1.145080321803479739e+00 3.884369593705322643e+00 -1.815888510510625720e+00 3.844456849128464592e-03 -9.737533792470336180e-02 -7.829700474217918260e-02 -2.007446891451963644e+00 -6.511436460503717605e+00 1.301318899353590197e+01 -4.505651539108297687e-02 -3.349841582107587978e+00 -4.098545315731055183e+00
3.418913254693715320e+00 7.272034469855574557e+00 3.045048760533731969e+00 2.389598624787097059e-01 -9.038296024150205277e-02 -9.539290301735639521e-02 6.008862666895106841e+00 -4.705720813709165284e+00 2.595112413579581556e+00 -5.973859636715848215e-02 -5.754663030036500260e+00 -1.179894389210701000e+01
-2.523307043220162971e+00 3.978485923515623135e+00 2.939798922526815073e-01 -6.083888614246700799e-01 -7.493746946711415946e-02 -4.718506716850300736e-02 -1.139374997270446110e+00 -8.159876794250266130e+00 2.274467586310732869e+00 -7.982641728105660528e-02 1.047991563607775944e+01 -4.403826830590878316e+00
1.237927356997684525e+00 -1.345380561690482857e+01 -4.841135502302298832e+00 5.445345323726037634e+00 -8.586173546165611070e-02 -1.003810883519802161e-01 -3.752762536243329894e+00 8.777705224858753041e+00 -7.820506721778784920e-01 -4.966732232144244197e-02 6.558492329804366250e+00 1.108047086378121771e+00
-1.221172219881084375e+00 -2.828498580970547849e+00 -2.954833194283916775e-01 7.856277581825156231e-01 -7.577842722995010993e-02 -3.439549850846735507e-02 -1.673892450132627108e+00 -2.162908728785194246e+00 -5.263999252807465723e+00 -7.699197113760344879e-02 1.067155711636802673e+00 1.171432899256095439e+01
7.793625552632179598e+00 5.166094450406003347e+00 -4.249213142287763034e+00 -5.348155536902816642e-01 -7.129564582485078961e-02 -1.009220438319665819e-01 -3.593288383361525895e+00 -9.194143804891034222e+00 2.318789393703938551e+00 -9.990238662422261384e-02 2.215480523205277219e+00 4.039225686985690733e-01
7.976451294315374252e-01 1.742748997748806650e+00 -2.680181231490952776e+00 -2.896526445796451910e+00 -4.980333592168614820e-02 -4.325309638690914144e-02 4.635868407295243188e+00 4.318930297053347189e+00 -9.468066717706109969e+00 -2.455705267742673559e-02 3.759536775015727805e+00 5.944580506972557341e-03
4.639726946138827302e+00 -3.924178905994433197e-01 -3.347933073659356662e+00 -9.783008035626726828e-01 -7.125369801865462371e-02 -4.467257175388751611e-02 -5.065766120998676847e+00 -5.323912862333786133e-01 4.134999669882170714e+00 -8.088972808976582773e-02 1.399825061625210587e+00 1.648709073003999104e-01
-1.045042978298997394e+00 -9.431996647435664238e-01 8.945339929449347416e-01 -7.256706196060880298e-01 -4.159809085723178979e-02 -2.315850826709219337e-02 -1.125196784067553191e+00 5.261520607175398379e-01 8.995452492763268637e+00 -2.928406796010974908e-02 4.682738395604762793e+00 -1.115046055243351475e+01
-7.411038141844873195e+00 2.992557163918221907e-01 7.430466677669768094e-01 -5.998253375985211022e+00 -6.140874098386042701e-02 -9.767674857103657293e-02 -6.856654383229758565e-02 7.725890170348365338e+00 6.240928377248540215e+00 -1.028588787707855196e-01 -6.245707081350205137e+00 4.902506441012170590e+00
-2.085426557005518322e-01 7.163885590567789841e+00 -1.347619179594568006e+00 -4.126024296978328287e+00 -8.203769579174764737e-02 -8.971091939246392255e-02 5.716743288816351409e+00 -8.358594299420246898e+00 -7.816598842877868769e+00 -5.438833420063667046e-02 7.128197869087589567e+00 2.072284626324718104e+00
-1.973590951520903802e+00 4.911222399834719532e+00 -3.084805404865094580e+00 1.891288707875213859e+00 -3.662808866452762352e-02 -9.094544673882476449e-02 6.010647758995832035e+00 1.094487782741987303e+01 -7.666024130029528649e+00 -8.788062042724002765e-02 -4.942094042803090836e+00 -5.913741383076411395e+00
-6.972241818668335256e+00 3.731959769651758130e+00 -1.609948977225424294e+00 1.635907008168626575e+01 -1.581017038142392139e-01 -1.351427113983029449e-01 -1.742218010527872840e+00 -4.888867404224986224e+00 2.375883811133705503e+00 -1.617549795024499359e-01 -7.472248093039536521e+00 6.510477653937040143e-01
7.998043736003933368e+00 -4.710556778909629649e+00 1.731641278862589672e+00 1.415773657379493011e+00 -3.770238852085560505e-02 -8.722446863489276281e-02 7.845341160761878374e-01 3.717247902885237654e+00 -2.674657447720229175e+00 -3.899663303296355826e-02 9.763330225056277012e-01 -9.054007713865741991e+00
-1.385213667087959344e+00 7.307362588638240730e+00 4.848043757859735514e+00 -6.144242660553178581e+00 -1.202961630956759786e-01 -7.747153406763297723e-02 -4.072594003424894638e+00 -7.758762416579019217e+00 7.164344281084227717e+00 -7.997678437179633892e-02 -1.566657177541293411e+00 1.822944746392018311e+00
2.933639026427608876e+00 -1.144174409272405590e+01 -4.428019462241674198e+00 6.350407833257191825e+00 -8.974700029066665086e-02 -6.767004715587382480e-02 -5.257932275054131299e-01 -2.695546059058154142e+00 -1.128571867357805042e-01 -4.473247086452768195e-02 1.089645607856784437e+01 -6.266095236514134248e-01
6.824007233516321547e-01 -9.651565174900756938e-01 2.140290288478089220e+00 -2.714780149455268354e+00 -6.095610146009253910e-02 -1.079055854160052980e-01 -5.565959735298766198e+00 6.734200018511642405e+00 8.170238251934474505e+00 -1.300742880452426808e-01 -1.779884573199514319e+00 -6.436153726104827832e+00
1.111491860708671675e+00 2.778562072349755399e-02 5.237796033458924860e+00 2.425637402151793243e+00 -6.157778975710452574e-02 -4.325238155741822216e-02 -2.119814661005469780e+00 1.035858923845448487e+01 -4.140832262441483280e+00 -8.465334041200517357e-02 -6.413223576502396384e+00 -6.331590935332676473e+00
-2.213549393870303472e+00 4.416277570927499951e+00 -1.355759424733620655e+00 -3.697488556346315569e-01 -5.637136507494523024e-02 -1.774619069246402212e-02 -2.184069561681772687e+00 -4.858984390969273370e+00 -3.800921268999508218e+00 -2.183510618668826897e-02 -1.750531144046961751e+00 1.225729304029149525e+01
4.822554928728147949e+00 2.382421209457122602e-01 -1.283961403900378384e+00 -5.659133522561745622e+00 -6.474744621529036903e-02 -1.027279437516590149e-01 -6.056384032802011319e-01 -3.595864746399051182e+00 8.425126454679300991e+00 -8.371130423600690873e-02 3.052679401361229505e+00 -5.102319023441386214e+00
4.583632440195628099e+00 -2.757022249726393870e+00 -9.226037668287184745e-01 -3.877540311465599854e-01 -1.338387225514519330e-01 -9.132552086389461588e-02 -3.692204352673155388e+00 1.320053466211164306e+01 -4.618149857367725986e+00 -1.129765619029897278e-01 -3.153565510194692223e+00 -1.847537427321940706e+00
-1.583634295471088249e+00 -1.229687736694955680e+00 3.285567875419538986e+00 -2.637211365653268302e+00 -2.229876825002629140e-02 -2.575793153180117381e-02 -1.266995216326034512e+00 -3.901036399615757322e+00 1.062449960671353466e+01 -2.646635712143594749e-02 4.051271814236846680e+00 -7.208309457030975587e+00
-5.246526853128097301e+00 5.406137259693788444e+00 -1.436405256316039880e+00 1.744505215741500637e+00 -7.707601468413916024e-02 -3.098163721905805232e-02 -3.448606985385986867e+00 -6.054972219505223574e-01 -5.143315449097056735e+00 -2.533802846273634432e-02 -7.301209668998718261e-01 9.599378054067722488e+00
-1.723041714657824297e+00 3.696267945562960566e+00 -8.631127301076974012e-02 -4.056787301938180046e-01 -7.871230618528855805e-02 -7.202743954194373854e-02 -2.472438299093219438e+00 -1.268521560468914178e+00 1.125689404397503424e+01 -8.291133758849542068e-02 -3.851763262127796850e+00 -4.900165658790282208e+00
-2.405886112275760880e+00 2.492398119261139300e+00 4.018422969878073236e-01 -2.849940676894092473e+00 -1.318295308628526612e-02 -4.865278710650653565e-02 4.104966860040781818e+00 6.049610714165100100e-01 -9.016091742468828940e+00 -2.051398578998831282e-02 -2.483704098833050544e-01 7.034135015853393291e+00
6.177422582990392819e-01 -2.518464891718906085e+00 -6.278099994423069319e+00 -2.723882877351109233e-01 -1.162789178322462535e-01 -8.316524901911219458e-02 -2.271105777495048716e+00 -2.168352592091258302e+00 4.102164789924809263e+00 -6.753000486227274390e-02 4.072111056639781346e+00 5.008965467422334505e+00
6.876127842305883586e-01 -4.499649082443566983e-01 5.070842384098958600e-02 1.597415596605389343e-01 -5.862369579066056130e-02 -1.350116685371086922e-01 -8.988217259272882620e-01 8.650775278411199087e-01 -4.856366242639251762e-01 -6.343831509161600157e-02 4.541960171378091049e-01 -2.814961843437796540e-01
1.313496522228471797e+00 6.622788283782797158e+00 -1.099694301997182322e+00 4.303066867730255929e+00 -5.294252730316693217e-02 -3.234722315998873887e-02 3.635361081053793963e+00 -1.522424997901632970e+01 -7.497812930543874543e-01 -2.209436518633545524e-02 -2.273330338203085166e+00 3.644375584226241305e+00
-1.844446668448237459e+00 -6.022809350925063754e+00 4.620167050466358560e+00 -1.077239201391657852e+00 -1.237035366190145091e-01 -1.129950822180770392e-01 2.605505295773778762e+00 -5.017264883271078446e+00 6.289686987849990807e+00 -1.105471566850216303e-01 -5.331652427933763150e+00 6.001940302913933323e+00
-1.744959161457662944e+00 -1.175794407738993907e+00 6.621099801818797204e-02 8.353514508690498275e+00 -6.938747817781812377e-02 -7.787301439669519487e-02 1.787085334174589368e+00 -3.943463202621301456e+00 -9.202597849917739659e-01 -3.795687895858941563e-02 -3.975628975161345502e-01 -1.878620273443320166e+00
-2.783179178063442283e+00 4.316634224606183956e+00 -2.429657320598268999e+00 1.929276977962218087e+00 -1.398071588325448464e-02 -8.302165276334094735e-03 -4.644443903107260851e+00 -5.147249980635041355e-01 -1.463916635660973187e+00 -2.507468156183493072e-02 -3.231919020907579210e+00 8.977067300498188018e+00
1.721850565168339786e+00 -3.619161214128376436e+00 -8.592210381848833123e+00 3.719278301073907222e+00 -1.117572827308730837e-01 -1.070098199958678664e-01 -5.813428049910881690e+00 7.060899077770953269e+00 7.063854827334587583e+00 -1.333247944034316734e-01 -8.509132261487399873e+00 7.486934235523485803e+00
1.001492578511969178e+01 -2.021589252052824914e+00 -8.454867539476850213e-01 -1.671166801189686746e+00 -7.564395648020723339e-02 -1.940071352763301019e-02 7.845944131209305894e-01 -1.239571861432215760e+00 -1.059010340831563646e+01 -6.182084186552078142e-02 2.117159282860563874e+00 3.714771795491219830e+00
1.487561330439426677e-01 1.149331190697545413e+00 7.536296191686699120e-02 1.393451342134935977e+01 -5.816111175377942227e-02 -5.651018727633742161e-02 -3.464531496782623510e+00 -4.385193135996066083e+00 8.560426919328828488e-01 -5.527023840375847041e-02 -4.700636982094990479e+00 -3.455599576271290108e+00
-7.375023987464586206e+00 3.643791430077429894e-01 -5.118218480791351110e-01 -2.277303076841669771e+00 -6.360334763551715731e-02 -4.027309028381453188e-02 -4.853693172576090120e-01 -1.038160279708246980e+00 7.326079728862528562e+00 -6.170951612655847102e-02 1.909726453843421934e-01 3.900342885415403416e+00
5.821306593258231743e+00 -2.942239885932616428e+00 -3.061771104118788944e+00 5.724108223816770646e-01 -1.069726676367838414e-01 -9.935905298295821808e-02 -2.667261702042868166e+00 -6.275340954813305672e+00 4.535903999749377746e+00 -1.100399823158064588e-01 -3.844363866932562157e+00 8.200488426059338920e+00
-1.384129732641823818e+00 5.938235983009511720e+00 -2.936608764338509703e-01 6.396847672798873674e+00 -5.946047861333131346e-02 -9.976473696893638221e-02 -4.655502374490210205e-01 -4.326428084940455498e+00 7.011216352532629870e-01 -8.546312656065355173e-02 -4.794131033013026233e+00 -1.531971259508710936e+00
-1.546183239160367684e+01 2.814754608266810898e+00 7.630501069354147070e+00 -1.571645744700974623e+00 -1.095943190518769844e-01 -3.577271669279958460e-02 4.252684940934643443e+00 1.782616711804621445e+00 2.314911861497697121e+00 -4.063185720328038597e-02 -1.705134921315610008e-01 -1.432377616493395456e+00
-2.780641141231677063e-02 5.009958243691273516e+00 -5.787849244188265629e+00 -7.006042361015033526e-01 -8.351499026513010959e-02 -5.982038261572020232e-02 -4.997332740981784704e-01 8.512569497387799444e+00 -1.207721645719170844e+00 -8.310770613369349025e-02 1.522118235198116273e-02 -5.073931816320936150e+00
-3.610827906389883157e+00 -3.782230131077935820e+00 6.116292719567719555e-02 4.542478639703558585e+00 -2.942927773993842325e-02 -1.770460244534123248e-02 2.126203209661651439e+00 -2.317434114207463480e+00 7.025008396040227865e+00 -5.391826362385025023e-02 1.548032139317254252e+00 -5.547301823721181968e+00
-8.640818962112406521e-02 -1.022722346754216138e+00 3.767893802088086108e+00 6.899878044780212161e-01 -2.913390510429605257e-02 -7.152341133312695165e-02 -6.486822284938524419e+00 -9.781077535174532711e-01 5.742807739898168506e+00 -3.319922219760197690e-02 5.135446294846470749e+00 -6.534258586667118784e+00
-6.945908522319899081e-01 5.436140296342736100e+00 -5.247212762461360924e+00 -1.798189223926901059e+00 -1.205596705448556405e-01 -6.298484107362724294e-02 -3.274692076253226336e+00 -6.326054094775617642e+00 8.147708782072946576e+00 -9.176063469570212849e-02 -1.482594601211478569e+00 5.422687200466605795e+00
9.431450592471098959e-01 3.215009435658050307e+00 2.221635991991087467e-01 -4.063381921027588994e+00 -1.533752018723665358e-02 -8.039136271736299633e-02 9.663637441833471398e-01 -3.872274698730192366e+00 -6.006797590300352319e+00 -8.576193762851060109e-02 9.340656105330011338e-02 8.609653154427119759e+00
1.149787074771082551e+01 -3.005644408747762952e+00 -3.941100368500414786e-01 3.005664085409617936e+00 -9.109236765394623792e-02 -1.276309158335159344e-01 -4.860152044683103134e-01 2.444877873213497033e+00 -5.874045408474987795e+00 -1.055090427697316785e-01 2.887873413189640526e-01 -7.112286705558656053e+00
-9.061429727000329670e-01 -2.966745731194447289e-01 -3.664580999645419279e-01 -5.682578053761057069e-01 -8.321682042411990277e-02 -1.099009883469393573e-01 3.094664535777893466e-01 2.329560294287015942e+00 7.442115072229586736e-02 -7.557985064943698039e-02 -4.544190506973634358e-01 1.263805244628011248e-01
-5.819663629352080925e+00 4.677760902977142088e+00 -2.525280037650298404e+00 -1.074351607751061621e+01 -6.580280844661637318e-02 -5.073102852065961010e-02 7.875199812261158172e+00 5.433644843868478347e+00 1.864319402414645888e+00 -1.275494988512758665e-01 -3.341373850723835304e+00 2.898478042702195001e+00
-3.205052938796337347e+00 -2.630797521113915405e+00 -2.804140515066492867e+00 -4.531423342528828613e+00 -8.441561177562581508e-02 -4.557688291918754464e-02 5.154376904071133580e+00 3.038700938566996967e+00 7.792140349163120483e+00 -8.908032777313695805e-02 1.865200047041452258e+00 -4.517857710286089734e+00
-2.709431830105603733e+00 -2.336275701990522702e+00 -1.570023345574802942e+00 1.979309914600056342e+00 -8.177868411724154019e-02 -8.992470011490463766e-02 3.318456552748218491e-01 -2.696418866736364883e+00 -3.356399647671556963e+00 -8.291973176780292887e-02 1.131804317245412417e+00 9.471071790791338429e+00
6.649807735869767811e+00 -3.628039764462823058e+00 -2.767613721219117195e+00 -2.688510707554689017e+00 -9.855008235735090993e-02 -9.073103492912823476e-02 4.872543982736669221e+00 1.315664081228212989e+00 2.966351320441786843e+00 -6.363293141247976237e-02 -3.966552132180307222e+00 -2.456730356975450835e+00
1.119829581492289705e+01 -2.498456062408280220e-01 8.067405259322292466e+00 -1.911257105172480042e+00 -1.611027981744987403e-01 -1.532827456239528874e-01 -7.491599050297821805e+00 -6.888492990549841544e-01 -2.282687422993645576e+00 -1.075548596978909976e-01 -6.341329648150654918e+00 2.675826301579177224e-01
6.547339774469710383e-01 4.260673669064366287e+00 -2.618227740348164079e-01 -2.925315492471538104e+00 -7.882693414701266721e-02 -1.085130893346479414e-01 -3.168847688242667271e+00 -5.308414415025833222e+00 -9.131636192467025293e-01 -8.443473644663436473e-02 -2.314504686350646434e+00 1.017000475579116170e+01
