4572 0.900864670758
573 0.900387864899
3510 0.900314704615
3522 0.89995982959
22 0.899949986839
1095 0.899700635719
4592 0.899682026138
2303 0.899394993833
2783 0.899371364366
3523 0.899292447986
2218 0.899290922525
244 0.899249963769
3501 0.899226826785
702 0.899106622887
2648 0.899084931
3503 0.899034653839
1366 0.899009626777
1835 0.898928830375
4218 0.898902956249
3518 0.898838779724
939 0.898777524617
1667 0.898650414419
3892 0.898626721714
2856 0.898618051307
2352 0.898598625309
3080 0.89856347927
1836 0.898521366798
3891 0.898424579726
1370 0.898411272567
1372 0.898395337755
2577 0.898373393412
2099 0.898330259084
940 0.898233158225
2582 0.898227265139
2295 0.898163260133
1837 0.898152297924
1538 0.898134825946
3530 0.898075900888
689 0.898030558286
800 0.898026167158
2336 0.898004335353
1668 0.897990721347
4178 0.897933309288
1301 0.897906922174
814 0.897815051347
1131 0.89779105867
697 0.897765618949
2819 0.897761082412
2302 0.897738472006
4616 0.8976947051
96 0.897627897007
4588 0.897584545485
6 0.897536633919
1518 0.897535531642
1072 0.897488326284
1087 0.897450840184
3079 0.897423132378
4481 0.897348531132
2581 0.897335943456
3895 0.897311670287
1825 0.897297746943
1822 0.897276129708
2370 0.897221308683
3521 0.897167648593
1356 0.897098515348
4177 0.897093320714
1059 0.897092402396
3068 0.896996544813
3524 0.896925154235
3076 0.896920017323
3527 0.896895048238
2587 0.896848735624
2593 0.896775396266
3728 0.896769567308
4587 0.896730753484
1657 0.89671287425
9 0.896709175967
576 0.896663419328
3124 0.896659557426
3465 0.896636120134
273 0.896568239232
1107 0.896564849978
1300 0.896536774001
440 0.896511581809
2605 0.896506108493
4 0.896467823696
1833 0.896467462307
4217 0.896432494195
2713 0.896385751826
1453 0.896346934334
4301 0.896344739558
1144 0.896317494207
2699 0.896302756481
2662 0.896295089986
705 0.896289578843
245 0.896215054811
1055 0.896162041372
690 0.896161798442
2628 0.896150808431
1098 0.896141316247
1702 0.896115743342
4482 0.896110218209
1106 0.896106307206
3583 0.896090090132
2646 0.896075081595
2294 0.896019389687
759 0.89600423078
1088 0.896003289958
2714 0.895984093434
3110 0.895953762181
1357 0.895941635773
1355 0.895935470334
1036 0.8959155926
2121 0.895914177759
12 0.89586364807
2318 0.895822399641
1606 0.895815165636
2604 0.895794598858
2296 0.895793974753
2903 0.89578702753
4175 0.89577561657
79 0.8957530982
2187 0.895740029342
1604 0.895734067427
2585 0.895691655664
2347 0.895663170972
473 0.895660985815
1267 0.895620860593
2570 0.895594725071
1094 0.89559454134
571 0.895569164107
1809 0.895555587482
858 0.895554243067
1364 0.89548797302
4001 0.895457864939
3888 0.895404825957
1048 0.895397840589
1118 0.895380903944
1839 0.895340494977
3889 0.895337627306
2126 0.895333896204
449 0.895328294547
1987 0.895326333374
1063 0.895323256487
1686 0.895303642361
39 0.895301948333
4483 0.895293177547
2832 0.895291753243
2596 0.895288090188
2434 0.895269958275
2510 0.895253579094
2584 0.895246247007
1138 0.895239303874
3074 0.895200161503
145 0.895193284467
3870 0.895184422425
2647 0.89517576209
2818 0.895166125702
4147 0.895160185531
1569 0.895131929837
1475 0.89512762775
2749 0.895111679938
3069 0.895101270598
3745 0.895089666433
4345 0.895073773257
1363 0.895040035546
2345 0.895022336316
1646 0.894998509689
4135 0.894967868362
902 0.894966569093
806 0.894958680743
1235 0.894955152155
4151 0.894936829955
568 0.894916025971
1283 0.894895813757
3005 0.894895202706
1129 0.894825360633
4127 0.89482005178
4159 0.894799434717
2182 0.894785533544
1517 0.894782827733
2567 0.894779972776
679 0.894746721606
1707 0.894704512245
2599 0.894681021389
801 0.894677529677
1350 0.894660673364
1069 0.894640100047
4803 0.894608759929
4173 0.894605070938
1678 0.894596730784
2698 0.894592384846
643 0.8945922715
2311 0.894562265257
3159 0.894541116584
1262 0.894534909225
3586 0.894503334056
3698 0.894491968708
2305 0.894468705946
3642 0.894463977641
2603 0.894462089879
3855 0.894444584338
1115 0.894435570181
549 0.894424316015
3502 0.894396295326
101 0.894350598203
4215 0.894315145849
4642 0.894307486079
2181 0.894284025795
809 0.894282919236
4573 0.894272463802
2492 0.894243045622
1258 0.894228819791
1362 0.894223106962
1276 0.894201204749
3610 0.894198961242
40 0.894168099662
1865 0.894144870405
4563 0.894137060883
399 0.894113822734
4597 0.894110716322
1337 0.894058148112
137 0.894058055244
2578 0.894058018649
3419 0.894056522284
2521 0.894050438891
1883 0.894046777381
1864 0.894043815273
2579 0.894038333337
4577 0.894028405386
3979 0.894014568272
2615 0.894004313837
1082 0.894001042889
2668 0.893975722789
692 0.893961753206
4162 0.893953223655
3500 0.893935034263
804 0.893926083249
920 0.893918328038
1274 0.893907426781
2240 0.893874087469
2867 0.893838076438
468 0.89383310149
3077 0.893825323096
2042 0.893814069637
1021 0.893813317014
2869 0.89381268289
2474 0.893802321674
2485 0.893792213079
695 0.893777530218
2636 0.893777263498
4565 0.893777073322
285 0.8937499373
2472 0.893709705
693 0.893708147573
1043 0.893700702753
2702 0.893688154727
2304 0.893687518973
3555 0.893683921104
2612 0.893673198993
246 0.893666948326
2993 0.89365171254
4132 0.893647772175
226 0.893626941677
140 0.893617253078
1305 0.893606446188
4243 0.893599887694
124 0.893590528363
2764 0.893569701167
3908 0.893559977039
686 0.893555357731
269 0.893519692373
2591 0.893518300532
3054 0.893500069568
2640 0.893496242686
107 0.893493586766
3429 0.893477257866
1679 0.893475829808
282 0.893467628312
3353 0.893466563933
445 0.893450532254
1887 0.893448320953
862 0.89344798589
4613 0.89344657273
1888 0.893444765403
2748 0.893424661452
3105 0.893399843198
611 0.893391140835
2392 0.89338732786
4125 0.893382790548
2467 0.893346499901
4638 0.893336187177
3490 0.893316860088
1100 0.893292422476
5 0.893281150024
813 0.893278429858
2711 0.893272161587
3509 0.893270241729
489 0.893263159996
909 0.893249961962
1665 0.893208498403
2765 0.893191536266
2251 0.893185268275
4306 0.893170916788
3608 0.893169820303
901 0.893148985727
82 0.893133310895
2440 0.893118484379
1092 0.893117724992
4273 0.893112979328
744 0.893105438766
3106 0.893100044341
1938 0.893097016535
700 0.893095640585
4574 0.893084063526
1073 0.893057748882
1823 0.893054657962
3590 0.893053697735
767 0.893051764584
2667 0.893026733282
3585 0.893002915658
334 0.892979959964
3414 0.892953454338
2346 0.892940864089
1065 0.892931162098
884 0.89290651079
4216 0.892902791944
1870 0.892890034225
3319 0.892883208881
682 0.892876723019
2781 0.892874819991
2601 0.892862347763
929 0.892859346452
1806 0.892851909569
3534 0.892831948256
1061 0.892825645883
3095 0.892788754347
860 0.892764382981
2989 0.892756649095
3981 0.892749983551
825 0.892712442497
100 0.892710444306
166 0.89270741416
2027 0.892705968838
1323 0.892693979456
2920 0.892693022639
1238 0.892684832416
2127 0.892672180613
789 0.892669148911
94 0.892659524053
2627 0.892643920205
2371 0.892638983996
1143 0.892630603014
2586 0.892622940468
707 0.892570509437
48 0.892563672698
1842 0.892545286671
1103 0.892543721029
3554 0.892542623155
1266 0.892536954274
1544 0.892534989632
1638 0.892530963552
2657 0.892526386127
3504 0.892521002284
3004 0.892517943316
699 0.892517146983
95 0.892513581014
3125 0.892499474271
650 0.892485545459
105 0.892484852539
2651 0.892481320768
3387 0.892475104118
496 0.892431071414
1078 0.892406278807
3727 0.89240106602
4578 0.892400852652
1947 0.892366320445
4165 0.892365278672
2458 0.892349262565
1844 0.892348455229
1969 0.892342874802
1278 0.892314077648
928 0.892308795899
1348 0.892288858038
729 0.892287231425
2498 0.892283577811
3932 0.892273143342
1407 0.892269297495
1050 0.892264855615
1421 0.892261756719
4348 0.892261587473
3516 0.892246091085
4150 0.892246028724
1468 0.892243392053
2185 0.892228698591
3804 0.892203581524
1424 0.892186884627
2992 0.892182114353
2834 0.892166581436
1160 0.892160000082
1703 0.892147239192
1277 0.892115865945
2542 0.892084859556
4307 0.892073424993
2279 0.892067137105
1083 0.892055172893
1598 0.892023873328
1988 0.892013961636
491 0.892012087286
2100 0.891999346153
4154 0.891985756013
3153 0.891982635753
1670 0.891967036553
2108 0.891951343801
205 0.891950884391
1579 0.891947384669
389 0.891938827756
1393 0.891934078107
2595 0.891923338057
961 0.891911393263
3099 0.891906116712
321 0.89190378368
1080 0.891888604907
3883 0.891859006267
4137 0.891832782192
1299 0.891826238462
742 0.891825241057
3539 0.891814830079
3789 0.891812031336
4580 0.891811106776
1200 0.891805262133
3006 0.891803083348
1008 0.891788707176
1067 0.891784884836
4632 0.891778698825
1035 0.891778420181
2549 0.891765304532
1595 0.891738908643
4585 0.891714685996
3336 0.891687896811
2229 0.89168387817
2339 0.891683618748
434 0.891682796344
3483 0.891673141175
2382 0.891650319636
1884 0.891647643235
2622 0.891637774442
3082 0.891621663789
1664 0.891615915926
1159 0.891605605715
1563 0.891604538568
696 0.891582056135
1886 0.891557095744
1373 0.891556572473
1044 0.891539840513
466 0.891534156873
2293 0.891526037177
2244 0.891523481812
1191 0.891519689062
1113 0.891514442128
1469 0.89151152801
2569 0.891493372903
2970 0.891491369531
1303 0.891475252466
1685 0.891469556489
4383 0.89146066335
3286 0.891453353233
3478 0.891438770099
1039 0.89143691852
3704 0.891426763587
10 0.891420300308
1891 0.891400854896
691 0.89137446033
3413 0.891365449401
1404 0.891363865616
4467 0.891360007211
1281 0.891354508999
3619 0.891338659705
1597 0.891318026681
519 0.891314132352
1180 0.891302326014
2616 0.891287974811
3694 0.891286163626
1361 0.891282694769
755 0.891279410082
2561 0.891271423304
651 0.891266271269
2620 0.891265801187
3344 0.89123984923
458 0.891231269669
3915 0.891230037511
3512 0.891225119967
1687 0.891215882024
7 0.891215794436
983 0.891206473191
625 0.891189610646
4214 0.891183062905
1658 0.891176920994
3640 0.891171954367
2137 0.891171624064
4140 0.891157294418
455 0.891150197344
1294 0.891140947721
2469 0.891137990604
430 0.891127090058
4804 0.891121199881
2192 0.891104175064
938 0.891094127628
805 0.891067920071
3980 0.891064464904
4722 0.891048296304
2661 0.891047474767
572 0.891033187571
3825 0.891020169502
222 0.891007934313
3030 0.891001299138
454 0.890996059802
2861 0.890993970394
3511 0.890964000012
1058 0.890960842424
4626 0.890953351894
2431 0.890946149148
4420 0.890934161448
436 0.890923546957
231 0.890922364381
97 0.89091414166
3726 0.890897057488
357 0.890877739053
3647 0.890871417456
1240 0.890868279279
2313 0.890865324626
332 0.890865304775
404 0.890854364387
3365 0.890850169643
2052 0.890833479775
3075 0.890819330378
4302 0.890815254292
2760 0.89081192304
388 0.890793688824
1645 0.890788797085
727 0.890776151336
4309 0.890770155384
3872 0.890768216051
1028 0.890752666502
2306 0.890731552571
2496 0.89073089798
1403 0.89072492284
2002 0.890719787668
1282 0.890709960274
2594 0.89070899823
2770 0.890698009876
726 0.890697021321
2862 0.890694808991
3766 0.890688731725
161 0.890687593129
4629 0.890682473887
4377 0.890680548423
570 0.890677273046
960 0.890667271596
1102 0.890662609221
2459 0.890662253052
1852 0.890659909234
2948 0.890657915959
23 0.890654586165
3945 0.890636834323
3343 0.890623138544
3587 0.89060885301
2326 0.890603862322
3907 0.890590451778
1422 0.890566435795
2174 0.890550029166
3138 0.890547538014
3724 0.890545066237
391 0.890522924873
4637 0.890514756392
1224 0.890512204272
3151 0.890510289578
3738 0.890507267551
1832 0.890497792581
1142 0.890489770058
488 0.890455920173
3385 0.890453627909
3 0.890446076156
2782 0.890440251
433 0.890439812258
1467 0.890439470802
4816 0.890438035308
3937 0.890437085134
1351 0.890435115243
144 0.890434218838
2377 0.890427666241
2096 0.89041946223
4272 0.890403593397
4774 0.890397959163
3169 0.890393998308
2316 0.890370409749
2111 0.890341137269
2923 0.890339439752
2323 0.890333625553
3464 0.890317714489
86 0.890310497434
1256 0.8902967831
3420 0.890295942529
2351 0.890293684427
3391 0.890288382214
2123 0.890259557957
2499 0.890257649678
1476 0.890256336324
4337 0.890251812918
41 0.890242449934
2583 0.890233707191
1676 0.890229384509
42 0.8902065875
3919 0.890192504132
1264 0.890189990205
3427 0.890186137617
4134 0.89014888968
3064 0.890136763142
4494 0.890092559005
2882 0.890087742812
4346 0.890064944764
3943 0.890046297465
3645 0.890044916027
2929 0.8900397385
4448 0.890035952285
3089 0.889982439715
2159 0.88997950161
1680 0.88995537966
3612 0.889953067935
3876 0.889952087638
2917 0.889940806341
908 0.889925316592
1451 0.889922051064
4128 0.889915645938
2895 0.889893273299
2704 0.88989222864
913 0.88988942579
812 0.889850115941
38 0.889847437885
4571 0.889836536987
2921 0.88983549659
2712 0.8898264698
2063 0.88982160455
2513 0.889819650999
3650 0.889818082035
3087 0.889816437051
1841 0.889811265731
1223 0.889801924312
3660 0.889797467111
4773 0.889792725847
2926 0.889761436365
2566 0.889752325791
4512 0.889732486395
4687 0.889730464596
2252 0.889718318719
4343 0.889718041789
3056 0.889713123359
4336 0.88969134535
4583 0.889691146374
106 0.889674690749
3894 0.889672453911
4648 0.88965118562
4396 0.889648528368
1369 0.889643995206
4435 0.889632791733
2154 0.889627699012
3426 0.889599900285
4349 0.889596757268
3018 0.889596099273
2310 0.889595609248
4576 0.88959138861
4740 0.889590194686
2610 0.889567959401
1662 0.88955411966
618 0.889550143143
359 0.889538370627
4485 0.889534316486
1049 0.889501327644
1972 0.889497876457
1358 0.88949647433
1482 0.889484558417
3772 0.889481814858
2088 0.889469988495
1374 0.889462225032
49 0.889460863799
1041 0.889458954443
4579 0.889458027544
2609 0.889453272751
276 0.889452679907
2575 0.889450541096
2256 0.889448321226
3873 0.889438357595
543 0.889434072308
1959 0.889422461249
3003 0.889416549283
2391 0.889405748163
2273 0.889405617969
2649 0.889384368921
678 0.88937819911
4109 0.889377194367
4283 0.889369112846
286 0.889368366384
3589 0.889367417595
3691 0.88936373657
3067 0.88935526405
4653 0.889349485152
3425 0.88934735783
779 0.889345056651
3559 0.889340883326
3012 0.889307765561
2022 0.889302753662
1090 0.889302496263
3491 0.889298051561
2508 0.889295968201
159 0.889281265784
1829 0.889280859826
405 0.889245647804
2811 0.889245055554
911 0.889238105754
2342 0.889231665979
3543 0.889226839809
2769 0.889225145558
905 0.889211388285
4100 0.889205122212
823 0.889204271282
2225 0.889199555206
4575 0.889191995493
409 0.889185148016
2824 0.889180901219
3735 0.889176516599
4633 0.889168782083
3285 0.889159345493
3667 0.889157278285
3525 0.889152013755
870 0.889150571859
2152 0.889149746175
2272 0.889142262567
4288 0.889130678833
4466 0.889110507709
990 0.889109526444
1190 0.889104552303
3155 0.889101780946
3668 0.889098314969
3361 0.889096806073
2572 0.889093232654
2873 0.889077226607
4110 0.889075527991
2588 0.889070322049
3542 0.889060944904
4233 0.889060036033
1637 0.889056306544
2969 0.88905063234
2639 0.889049663727
71 0.889036513624
1826 0.889014028535
1081 0.889005752969
4663 0.889004981081
1201 0.889000968792
2298 0.888994869526
2613 0.888991247709
236 0.88899041626
3529 0.888956869521
3786 0.888953068784
400 0.888945654523
989 0.888911404135
4382 0.88890872335
3962 0.888902251115
3152 0.888899096401
1325 0.888892811982
671 0.888886576774
1895 0.888881737526
1853 0.888877625594
403 0.888863053769
2898 0.88886036062
4458 0.88885552722
4280 0.888845476255
2358 0.888844528548
3400 0.888825699406
1284 0.888822401139
1863 0.888819665288
2939 0.888809063022
3811 0.888805818992
2820 0.888805352045
371 0.88879877155
3611 0.888796764256
2641 0.888795778182
3896 0.888787424655
3662 0.888776943268
869 0.888771555567
3869 0.888766553012
4399 0.88876490832
1660 0.888754936597
754 0.88875455478
4158 0.888749594155
610 0.888738818124
189 0.888735151693
4098 0.888731132694
4174 0.888731021964
59 0.888727138257
1255 0.888726004832
1701 0.888717692123
4208 0.888709174695
864 0.888707838019
1541 0.888704367617
2813 0.888701225674
1840 0.888697640356
4207 0.888691714593
4739 0.888685955009
1297 0.888679905333
4143 0.888665127212
2183 0.888661359123
2988 0.888659517749
2520 0.888656019774
2927 0.888639149725
1244 0.888610733794
439 0.888609768118
3807 0.88860896127
561 0.888598717014
2452 0.888597340346
1064 0.888590140281
3541 0.888567881119
1532 0.888564991569
479 0.888555652566
2238 0.888555176059
3470 0.888554885491
4398 0.888548087064
50 0.888536823179
555 0.888529249784
773 0.888525349229
175 0.888523875795
1516 0.888521146939
3550 0.888519524361
1807 0.888519463759
585 0.88850783697
1473 0.888505422113
426 0.888493111205
3174 0.888486910975
4531 0.888470065797
2097 0.888467841397
673 0.888467233757
4153 0.888466301878
392 0.888461830503
283 0.888455034036
1575 0.888442057233
2793 0.888441101831
3507 0.888436033385
165 0.888435994895
1214 0.888431064372
3690 0.888407234441
688 0.888401003593
131 0.888400945551
4021 0.888386834422
4029 0.888376023249
1893 0.8883601696
2140 0.888331443791
1868 0.888329918943
2074 0.888325436382
4240 0.888320086279
2855 0.888314896788
477 0.888313087442
4368 0.888294986927
3863 0.888288507746
3338 0.888282127624
3742 0.888281124179
784 0.888280573129
3860 0.888278914442
3296 0.888277630842
791 0.888262785052
4581 0.888257824901
980 0.888239884805
973 0.888226600996
3689 0.888225883937
11 0.888212481898
2290 0.888210453042
4521 0.888210203302
1513 0.888200667544
3493 0.888197480542
1371 0.888196177846
4667 0.888194318895
3312 0.888188841005
750 0.888188118713
1954 0.888163305663
3939 0.888157900091
636 0.888156171232
1349 0.888149188151
3546 0.888146670104
2864 0.888142739558
1872 0.888128908894
3492 0.888128754109
1009 0.888121676133
3108 0.888095104633
2012 0.888094071337
2519 0.888092878978
2945 0.888089398529
461 0.888084340569
76 0.888079010801
856 0.888078009183
2429 0.888038530757
3262 0.888016916989
2257 0.888015985289
4176 0.888006609062
242 0.887993208578
857 0.887986688107
233 0.887982062061
1635 0.887980766322
3412 0.887975050888
1177 0.887974506322
3014 0.887957881049
2971 0.887957817156
1089 0.887954039586
1674 0.887953633137
3488 0.887949528012
2934 0.887948592336
1097 0.88794042316
1275 0.887939896387
2465 0.887937805447
3337 0.887929781346
3993 0.88792002112
3552 0.887892490749
1128 0.887891751804
2524 0.887887252748
3598 0.887883976025
2557 0.887878483109
2960 0.887867733738
3674 0.887862488784
1759 0.887850741407
2863 0.887847093939
2762 0.887840701151
1207 0.887827480475
322 0.887825067181
4317 0.887822172596
3998 0.887792415119
1529 0.887773566522
4453 0.887772164446
3424 0.887754856349
453 0.887750245097
2506 0.887740970748
1101 0.887731940776
617 0.887731496198
3096 0.887711675147
4436 0.887708907153
2833 0.887692419361
377 0.887690551536
141 0.887685556948
4312 0.8876815422
4005 0.887679098124
3086 0.887673466187
1795 0.887656599626
281 0.887654987355
4799 0.887647812207
3371 0.887638181337
2724 0.887593857542
2999 0.887593243473
4788 0.887589913101
4738 0.887583422156
1444 0.887581880034
3805 0.887575273262
4372 0.887570664611
1636 0.887563860769
763 0.887557180265
2736 0.887550281443
4122 0.887535901534
4770 0.887533687579
4704 0.887523667761
525 0.887485080659
4756 0.887477698105
305 0.887475734127
4148 0.88746805955
2638 0.887467287834
118 0.887450246703
622 0.88744061439
2881 0.887438165813
1567 0.887433354632
460 0.887430075441
4386 0.887415806576
2747 0.887415019938
2433 0.887412162638
1712 0.887406865984
3898 0.887404986627
1079 0.887398727486
4264 0.887390409336
4311 0.887382975063
3688 0.887374854331
3348 0.887368452273
4670 0.88736565342
3340 0.887362088858
2258 0.887360169498
1716 0.887355584767
1711 0.887329518059
4006 0.887320317635
3634 0.887320152109
3008 0.887316349835
2660 0.887313255669
2995 0.887299244098
4610 0.887294595172
1984 0.887289361161
775 0.887283767773
367 0.88727999454
117 0.88727463044
1719 0.8872744934
2476 0.887273884437
2794 0.887271674799
4755 0.887266077165
2973 0.887262454338
2597 0.887248244802
822 0.887244602025
946 0.887233177758
1110 0.887227958607
2102 0.887224479353
4203 0.887223283802
811 0.88720692285
320 0.887201244354
1967 0.887191180425
1062 0.887186101301
1677 0.887180981501
2580 0.887179189331
382 0.887170545337
2700 0.887166792612
2928 0.887162568468
2839 0.887161344947
2535 0.887150630768
3013 0.887128967887
4141 0.887095972301
1537 0.887087772479
2069 0.887086067166
4300 0.887081378312
3051 0.887077777985
3301 0.88706935299
4163 0.887064300804
768 0.887062923892
3563 0.887060247701
2495 0.887044563726
1137 0.887040039952
3663 0.887003627124
3994 0.887003518614
2943 0.887002396789
2799 0.886987689458
3897 0.886986633003
3747 0.886972893794
3382 0.886967419476
3808 0.886966627748
2090 0.886965377494
4612 0.88696451973
408 0.886964362092
1270 0.886957769044
2491 0.886953718997
2504 0.88695239351
1643 0.886952374513
81 0.886951076931
1269 0.886938362694
4219 0.886930826771
2207 0.886908935115
1399 0.886901312886
379 0.886897651202
1172 0.886893922314
781 0.886892529081
1808 0.886891707292
2888 0.886885675206
3083 0.886863632352
163 0.886851433635
472 0.886846468546
2349 0.886846004672
3686 0.886843638276
756 0.886835514362
2494 0.886826763398
3705 0.886815660053
2466 0.886811973562
470 0.88680227386
694 0.886796487692
147 0.886779605747
2924 0.886779161772
2205 0.88676181519
1790 0.886758531499
1818 0.886747355453
1709 0.886728662045
3836 0.886724009889
2509 0.886720319713
2987 0.886706765777
2606 0.886706339094
1831 0.886695928683
4552 0.886685291412
865 0.886680353564
213 0.886678300855
478 0.886677318383
1726 0.886672557007
4091 0.886660605509
1202 0.886657522807
930 0.8866507026
577 0.886647773373
1053 0.886642211285
1800 0.886638423991
2109 0.886636446907
1185 0.886630923642
3933 0.886628625994
3346 0.886623831593
188 0.886619529857
821 0.886607729841
270 0.886605315958
986 0.886600231931
3207 0.886596911878
765 0.886591398092
157 0.886589693324
128 0.886576834842
3156 0.886573377075
1026 0.886570404208
1071 0.886567404857
208 0.886553493055
1368 0.886551624992
2563 0.886540998821
4669 0.886540465488
4628 0.886540132395
2124 0.886532596837
708 0.886529655926
3158 0.886521065551
2614 0.886501780741
3515 0.886497890681
3114 0.88648813605
32 0.886473115076
2025 0.886472135126
4447 0.886468706425
52 0.886465302003
1260 0.886459304934
3854 0.886455545641
2312 0.886426038986
209 0.886411357822
3326 0.886407356779
3498 0.886404640545
1093 0.886402690284
1976 0.886395272761
2801 0.886387111068
2235 0.886383314965
1096 0.886378297177
343 0.886374888974
1767 0.886368132951
748 0.886366690706
4490 0.886351510112
4374 0.886335717839
2984 0.886333048246
1031 0.886330849305
2166 0.88632992461
1973 0.886324928641
4121 0.886324908204
2493 0.886318509443
3519 0.886313403945
365 0.886312048261
2301 0.886306765228
304 0.88630203343
4320 0.886298439905
2872 0.886285438763
306 0.886279277235
3931 0.886277988863
1666 0.886267507022
4316 0.886246713608
130 0.886215163249
3699 0.88621120393
2204 0.88620460009
596 0.886203547329
3746 0.886202082746
4419 0.886194386052
1713 0.886174006637
432 0.886172712995
1762 0.88617262047
2416 0.886170716121
758 0.886147530909
2546 0.886144898953
3026 0.886133264397
288 0.886113224357
3134 0.886112148145
1360 0.886106217851
3528 0.886097677822
2101 0.886088906471
4170 0.886076628622
4139 0.886075391736
757 0.886073517221
224 0.886072992342
3495 0.886062957242
4681 0.886061829695
490 0.886058182501
2514 0.886053748299
1427 0.886047857776
4123 0.886043789551
941 0.886033950778
633 0.886028211564
2317 0.886020221103
1085 0.886011462919
1848 0.885989815393
4225 0.885983746319
2073 0.885975840856
3029 0.885973271954
4197 0.885970606572
861 0.885963277865
252 0.885962572625
933 0.885955927236
3631 0.885953094043
3753 0.885945905846
4303 0.885945493349
703 0.885938573382
507 0.885922315891
4241 0.88592000838
2744 0.885919543651
2859 0.885911290258
3830 0.885908216291
942 0.88589608495
390 0.885893003069
972 0.885887562735
1647 0.885885659988
3655 0.885875657628
1824 0.885875058873
1033 0.8858748883
698 0.885870030893
4149 0.885866192872
2475 0.885851275471
3545 0.885848812892
3070 0.885842115246
810 0.885831627113
3041 0.8858177742
492 0.885815067243
701 0.885798178722
1153 0.885789448742
3435 0.885784404241
4224 0.885783752792
99 0.885770984635
3243 0.885751060365
505 0.88574753134
1858 0.885746236264
2348 0.885745363474
2621 0.885740689828
4263 0.885738920771
687 0.885736668739
2633 0.88573581977
3983 0.88573053525
2573 0.885726731595
3417 0.885718476343
2245 0.885714725919
1109 0.885714358427
1439 0.885703958415
945 0.88569084681
2234 0.885689045302
3469 0.885671925482
2237 0.88566962089
2026 0.885667449897
78 0.885661952712
2925 0.885657917041
4206 0.885657258082
2795 0.885649132779
1189 0.885645287736
438 0.885644654353
1154 0.885638741148
1352 0.885632332632
83 0.885632125117
3814 0.885630238773
683 0.885618500335
4782 0.885615948191
1178 0.885611521371
4338 0.885602521825
1869 0.885587718956
2070 0.885582406553
2930 0.885582395132
3954 0.885579395749
2972 0.885575630268
2451 0.885575410697
4570 0.885570569886
2422 0.885543460688
3839 0.885543237401
1054 0.885535856703
1827 0.885525233428
2808 0.885510779868
2463 0.885496292946
1215 0.885485636064
751 0.885475006434
2666 0.885459675987
843 0.885455385228
3826 0.885448203591
3588 0.885431991769
4136 0.885406845975
4340 0.885406212181
1242 0.885391259019
1586 0.885371564757
2146 0.885370164094
2974 0.885358769947
3977 0.885355805428
3137 0.885351153879
1857 0.88534163839
1789 0.885340611711
2777 0.885332986097
2206 0.885331524994
2333 0.885325450261
2148 0.885319492786
2642 0.885311812392
3062 0.885308654425
968 0.885306697672
1443 0.885306096447
2900 0.885305070172
4166 0.885304965401
4370 0.885300564295
146 0.885289184536
70 0.885285279143
3975 0.885282441866
3458 0.885254642389
1234 0.885245934683
4593 0.885242322202
580 0.885238757472
483 0.88523458037
1402 0.885234547303
2003 0.885232207673
2804 0.8852225562
4160 0.885216750172
921 0.885214148051
3135 0.885213767316
3635 0.885212653384
1331 0.885178496938
4145 0.885172838092
3300 0.885171036497
2589 0.885169964826
4641 0.885169779257
1134 0.885147550024
4366 0.885140776362
3386 0.885128545689
2576 0.885122834061
808 0.885121418684
1596 0.885120455787
1226 0.885108197786
2393 0.885097092825
193 0.885094536495
912 0.885062413707
2292 0.885059498221
3136 0.88505379228
2990 0.885046733848
4422 0.885040077048
63 0.885028184569
2216 0.885019579995
3016 0.885012946657
917 0.88501054374
4441 0.885009948775
2384 0.885005719358
2144 0.88500532496
4609 0.884987845927
4778 0.884979574275
1121 0.884950395014
3693 0.884948864367
1010 0.88494428738
4427 0.884937132875
3352 0.88493598968
1781 0.884933480152
2507 0.884922514025
1792 0.884919440021
656 0.884912854141
1222 0.884912801212
1474 0.884902647682
830 0.884900998624
1661 0.884892061493
2875 0.884889837583
1429 0.884889443078
2408 0.884886962411
3313 0.88488273198
3383 0.884874836795
1714 0.884870188093
1410 0.884868844928
3506 0.884852588683
838 0.88485218998
3257 0.884850955843
4119 0.884845299236
4282 0.884836921668
376 0.884833026639
1588 0.88483258014
2297 0.884827025222
635 0.884823141227
2562 0.884816053876
3113 0.88480658391
1156 0.884804418472
1642 0.88479638752
3379 0.884781749776
3866 0.884776690605
3787 0.884773437498
970 0.884772130362
1447 0.884748055963
583 0.884745913122
2740 0.884733981535
2190 0.884731322211
2075 0.88472240286
3009 0.884715645405
545 0.884715539922
3790 0.88471380597
274 0.884710985088
4310 0.88469905783
4530 0.884680654235
3595 0.884676548267
4318 0.88466924703
4387 0.884667646302
2139 0.884652456225
3765 0.884642338612
4566 0.884640758146
641 0.884640343197
3781 0.884638462398
1034 0.884630063054
3671 0.884620476029
2735 0.884620394672
2600 0.884619592988
1218 0.884617214355
3627 0.884613027819
3531 0.884613004725
2766 0.88460940981
2723 0.884603845672
776 0.884595148326
3015 0.884590014741
2020 0.884569190513
725 0.884568988506
1628 0.88455905465
3399 0.884552839008
2255 0.884544827079
780 0.884542593967
3604 0.884542560056
2436 0.884533954844
406 0.884522428905
3661 0.884509779002
2559 0.884505177754
1013 0.884503847717
2157 0.884496291891
3549 0.884474161724
2439 0.884470998277
4055 0.884469482955
2814 0.884461457236
2874 0.884458375688
3246 0.884456200747
2105 0.884453079947
3272 0.884444126476
1419 0.884434686188
3090 0.884411727806
3222 0.884407652562
310 0.884402276356
4244 0.884399824933
3097 0.884397246128
1027 0.884396534984
3091 0.884385078326
3072 0.884372624291
4390 0.884371551921
1220 0.884370864477
2394 0.884370193275
4615 0.884367417332
1901 0.88436460246
2722 0.884363382303
190 0.884363065167
1656 0.884354596008
1406 0.884350643279
398 0.884337219939
138 0.88432503664
1291 0.884321682852
3237 0.884321196309
1573 0.884320517121
2505 0.884319432623
664 0.884318433394
1723 0.884317187619
2967 0.884312022311
2071 0.884303317124
1233 0.884302344515
3944 0.884301724466
1520 0.884295470122
3948 0.884292123984
3520 0.884289025801
395 0.884283291469
3265 0.884282198074
1068 0.884274070506
4395 0.884264768858
2790 0.88425713718
2719 0.884243104171
1603 0.884219427441
1659 0.884210352842
3580 0.88421014615
1757 0.884200358293
4631 0.884189412359
3121 0.884188166035
3010 0.88416763684
3380 0.884160833072
2753 0.884151905478
1020 0.884151648467
3111 0.884149629415
2366 0.884141546424
125 0.884140999529
600 0.884135112268
370 0.884133532396
1462 0.884132477801
4707 0.884131480831
1593 0.884130718802
2189 0.884126588405
803 0.884117386144
2718 0.884108546732
3287 0.884102021771
3238 0.884100392441
4546 0.884097125145
3557 0.884088616945
3157 0.884086123468
786 0.884085979514
4332 0.884074552777
162 0.884070033806
4418 0.884066257118
3027 0.884065667612
4401 0.884064008083
2019 0.884063919086
790 0.884063575247
66 0.884051352946
746 0.884048913904
4347 0.884042231966
3579 0.884039192005
910 0.884038876273
4103 0.88402842171
1375 0.884021290738
1272 0.884012881274
4129 0.884012433312
311 0.884012142978
552 0.884002296016
317 0.883997050757
3258 0.883995498721
4308 0.883980151423
1778 0.883975934288
2253 0.883971118722
2630 0.88396865758
2018 0.883962151811
2877 0.883959693534
2110 0.883957729365
1974 0.883946433731
4764 0.883934958594
4564 0.883931732168
2918 0.883924166957
1845 0.883918798744
2854 0.883905756964
279 0.883900455073
3864 0.883897566832
4146 0.883894491479
3575 0.883883230307
1819 0.883882061557
1663 0.883870834913
139 0.883864328387
4426 0.883859506932
2095 0.8838566348
3223 0.883850172602
1885 0.883846691596
4761 0.883846048408
2632 0.883844771422
1950 0.883830464911
3633 0.883827936563
706 0.883824313419
3474 0.883818632089
1506 0.883813573438
480 0.883793506899
4747 0.88379286179
4389 0.883792483028
4550 0.883786659132
2186 0.883785014721
2233 0.883779187055
3593 0.883761207353
3874 0.883743106432
2283 0.883725104153
634 0.883717032197
1296 0.883706514451
1040 0.883699131576
1512 0.883690580324
745 0.883689323008
3749 0.883689171944
416 0.883689013974
1346 0.883687730117
3206 0.883683378649
3310 0.883681649418
4614 0.883652278092
3339 0.883649713266
3477 0.883644755739
2644 0.883639299434
1534 0.883632526885
4112 0.883623106523
749 0.883618941478
1555 0.883618816012
1572 0.883617804563
1019 0.883615451871
1330 0.883600864894
1651 0.883597825145
1585 0.883589849079
1175 0.883584735799
1213 0.883579216726
4421 0.883561488733
4400 0.883559712294
3751 0.883558097269
3976 0.883544965175
341 0.883532562481
3806 0.88352755692
358 0.883527327974
2453 0.883519676017
122 0.88350376498
412 0.883493952886
2565 0.883487690066
3536 0.883485921818
1030 0.883485739475
2438 0.883472477698
3063 0.883468464401
601 0.883460391397
1247 0.883448216372
3558 0.883438848317
3164 0.883423840826
3852 0.88341478947
4591 0.883412056866
4248 0.883400529803
1578 0.883394130102
1545 0.883393814667
2758 0.883385532836
1847 0.883377343505
2858 0.88337166327
3964 0.883370055022
4016 0.883368566934
3600 0.88336422433
2030 0.883362794733
1982 0.883361004181
3362 0.883359609687
4260 0.88335568308
1382 0.883341374069
2021 0.883332661511
2625 0.883313639953
3372 0.883308006993
277 0.883289094587
1948 0.883286572668
459 0.88328557155
4810 0.883277776283
3923 0.883276808767
4099 0.88327473724
186 0.883260072558
1479 0.883251217513
934 0.883249606286
3877 0.883244586208
1565 0.883243205133
713 0.883242191862
156 0.883233292005
3755 0.883221176973
2247 0.883196694561
3144 0.883188807653
3551 0.883181296266
4695 0.88318016286
1354 0.883174958111
4183 0.883161446605
502 0.883160421454
3544 0.883159371505
666 0.883154027221
4620 0.883141982411
4757 0.883131190854
1334 0.883113516902
2441 0.883100132598
2149 0.883096579914
979 0.883077898535
1727 0.883064116645
3683 0.883061146292
4319 0.883058275782
1584 0.883054313163
3447 0.883048612355
4169 0.883048342827
4599 0.883046279216
2829 0.883035727853
1510 0.883027700132
280 0.883024041853
204 0.883019434053
1684 0.883002475929
2757 0.88299886151
30 0.882992048865
3636 0.882989628144
2823 0.882988150338
4402 0.882978573687
1320 0.882974680135
4703 0.882973364057
4634 0.882972613012
645 0.882966512536
2994 0.882941445658
3148 0.882938877947
827 0.882928272084
60 0.882927603641
2053 0.882921042959
621 0.882919204726
13 0.882913704493
646 0.882898473316
1728 0.882879382644
1688 0.882878284234
425 0.882867079054
2983 0.882857579241
4097 0.882842916448
171 0.882841988413
1805 0.88283906629
2531 0.882831662077
3073 0.882825690174
3721 0.882824145863
2868 0.882813204542
2242 0.882810993907
1007 0.882795971011
2721 0.882795444483
4487 0.882790456647
685 0.882779551052
709 0.882773467035
4584 0.882766978571
1539 0.882765557136
1353 0.882761810292
974 0.8827590394
1652 0.88275535427
3678 0.882751695047
3526 0.882750820204
657 0.882737873191
407 0.882735368727
2072 0.882733576235
1280 0.88272510448
731 0.882715341293
1649 0.882712058954
574 0.882703820232
1117 0.882700671278
241 0.882692872975
2046 0.882681377032
3561 0.882677937642
1791 0.882661155723
2098 0.882659363796
2387 0.882658608688
1196 0.882653486167
2933 0.882647881838
352 0.882640570094
2812 0.882621638629
469 0.882620293231
1793 0.882603011439
4182 0.882593154356
1490 0.882591748951
4558 0.882585448811
1032 0.882584409958
1729 0.882580790001
154 0.882577058385
3281 0.882570574041
4767 0.882563131754
2227 0.882557252169
2629 0.882536509366
2367 0.882533626575
528 0.882528171993
4798 0.882523686636
36 0.882515922314
2468 0.882515421433
1669 0.882512680781
919 0.882503510954
2810 0.882493674714
976 0.88247973518
4805 0.882457288611
4693 0.882456355817
1251 0.882454942412
2054 0.882454404694
4281 0.882432212518
1986 0.882408999652
1431 0.88240084941
1802 0.88239821965
3968 0.882384521483
394 0.882373466071
1292 0.882372505569
4601 0.882369257863
4754 0.882367284662
3607 0.882367079435
4039 0.882362763085
1060 0.882359858893
2308 0.882350856382
3020 0.882347551462
926 0.882336870204
1441 0.882333441755
2695 0.882325066111
4776 0.8823237284
4042 0.882320055334
318 0.882316631831
3269 0.882310030328
4730 0.882304255683
3853 0.882297188926
4196 0.882293290183
3684 0.882288090986
4460 0.88228642757
2664 0.882281643867
1261 0.882279860282
2194 0.882279087243
3001 0.882273902781
4627 0.882271891572
1014 0.882269996549
3780 0.882269330384
2558 0.882268169003
3677 0.882267597915
1963 0.882265151883
2706 0.882256803366
584 0.882246905572
4156 0.882243281638
3327 0.882234740921
1383 0.882233081356
2369 0.882232773276
1650 0.882231617076
1483 0.882225699267
4503 0.88222016148
4407 0.882194645357
3682 0.882186686132
1761 0.882166915542
762 0.882165429283
1953 0.882158059275
3638 0.882155281818
368 0.882151846497
4559 0.882144690576
2334 0.882142005976
3799 0.882139928901
589 0.882134335409
4492 0.882134006138
1046 0.882132249058
3423 0.88211856242
3224 0.882104612493
3711 0.882091795217
953 0.882083436504
2089 0.882077177856
851 0.882058254794
2763 0.882055543059
3208 0.882037630222
427 0.88202579915
788 0.882022351377
2176 0.882018545028
1326 0.882017731897
4611 0.882017228025
3942 0.8820160361
2946 0.882010089405
2360 0.882008306589
3042 0.882007273379
2200 0.881992967174
3232 0.881982885234
3813 0.881963259958
3017 0.881959520794
4297 0.881955278716
2756 0.881952392787
1181 0.881948375953
347 0.881937327638
637 0.881935441755
381 0.881926336543
4434 0.881915435649
4371 0.881907380443
1187 0.881904476417
4470 0.881896291518
3982 0.88189018096
2093 0.881889508791
2737 0.881885574804
2388 0.881880363865
4600 0.881864234388
164 0.88186185877
1309 0.881861158093
2776 0.881854704213
14 0.88185242226
3851 0.881851086017
24 0.881846290094
562 0.881841056846
569 0.881839088644
2852 0.881832125423
2450 0.881829118588
3643 0.881827640891
1228 0.881827116304
218 0.881824961078
4253 0.881816823736
1442 0.881811744933
2430 0.881809030352
2114 0.881788427609
2691 0.881786346966
3659 0.881785053216
178 0.881770543399
964 0.881766317022
4451 0.881764754643
2341 0.88176100523
1461 0.881760204672
714 0.881756712652
987 0.8817553782
1979 0.881752543925
45 0.881749801257
3988 0.881746926715
1487 0.881730700952
642 0.881721049343
3820 0.881720231764
2177 0.881710250944
743 0.88169709876
484 0.881692914999
586 0.881691997795
1624 0.881686144898
659 0.881683790167
1367 0.881661936536
4655 0.881651476722
722 0.881638494153
4452 0.881621483673
1689 0.881616090719
1489 0.881616056882
2381 0.881613212693
599 0.881607652805
85 0.881579536626
254 0.881570857027
1960 0.881566642924
1717 0.881566252861
2487 0.881565071868
3665 0.881561998883
2033 0.881559823945
3754 0.881559456991
1788 0.88154571986
1618 0.88154021366
4249 0.881532532639
3961 0.881523437398
3092 0.881520492234
172 0.881512469951
1556 0.881511064459
1562 0.881491481504
3210 0.881490451298
1655 0.881485576124
2059 0.881476960084
1798 0.881448561646
3960 0.881436831046
1077 0.881432131952
1968 0.881425574783
3350 0.881415985294
1691 0.881408453888
482 0.881407197814
65 0.881401112387
1327 0.881400822779
2471 0.881387719433
2208 0.881356034449
3354 0.881345858141
271 0.881322131086
874 0.881304509466
1158 0.881300857769
1673 0.881296035793
1549 0.881290857299
1733 0.881290709574
4096 0.881289560403
2445 0.881276689195
3618 0.881271131676
2373 0.881260217848
1359 0.881254123895
2947 0.881253911524
3357 0.881246848168
2551 0.881245734402
1737 0.881213756795
364 0.88121210026
2040 0.88121200055
4038 0.881211190715
4759 0.881202612245
2329 0.881200067286
3800 0.881198729605
2670 0.881190984742
4686 0.881183625142
2879 0.881182269364
1760 0.88117400383
1592 0.881161484699
4515 0.881159889795
228 0.881158768432
547 0.881158118752
1495 0.881152695932
37 0.881149438194
2634 0.881141541891
1524 0.881137402591
3695 0.881135058227
1263 0.881133777927
402 0.881126554763
1450 0.88112646611
1945 0.881114200932
1978 0.881095921404
4279 0.881095059097
3938 0.881065127485
1983 0.881062069964
4375 0.881049518577
4665 0.881049149869
187 0.881030531256
2375 0.8810257263
734 0.881022936188
2919 0.881016725524
3902 0.88100428687
2779 0.88099835935
592 0.880992514347
2543 0.880991672227
2249 0.880979514538
4527 0.880971007246
3597 0.880967389525
3101 0.880965174754
721 0.880961620921
1151 0.88095486502
2285 0.880951394563
2397 0.880947780216
4567 0.880929553467
882 0.880925759005
4495 0.880908756844
535 0.880900155425
2023 0.880894446693
1084 0.880884860033
2840 0.880869801874
183 0.880853936046
553 0.880853254237
4732 0.880850944258
4643 0.88084737839
265 0.880846246878
3430 0.880840745656
1633 0.880838569595
2322 0.880835777484
1896 0.880820374894
308 0.880812376683
4513 0.880794386718
1576 0.880788010403
4528 0.880785735561
437 0.880770996268
3161 0.880767896968
4056 0.88076396181
544 0.880753067276
356 0.88071745269
4548 0.880712131681
98 0.880705578615
3055 0.880704050428
1697 0.880694164383
2389 0.880689136774
2977 0.88067231973
2486 0.880653708197
176 0.880648496415
1683 0.880635110019
2328 0.880632200314
2277 0.880632196342
2151 0.880620520852
3261 0.880617990342
2246 0.880599746106
3023 0.880592022269
1313 0.880590354835
1548 0.880589309785
2805 0.880586514
2061 0.880582323953
1558 0.880580704104
4489 0.880580471269
3482 0.880580089428
2374 0.880568087799
4645 0.880556608941
1365 0.880554717541
506 0.880528170248
2701 0.880524841115
1241 0.880519446343
3289 0.880515642615
1139 0.880514823603
3696 0.880511839934
2658 0.880493306712
4497 0.880491299152
4094 0.880456425351
2962 0.880449766669
3940 0.880440713352
3448 0.880440676449
1183 0.880438694995
1992 0.880437804788
1425 0.880417791414
3401 0.880408461279
711 0.880406483594
1849 0.880403535874
294 0.88040235281
626 0.88040129042
1494 0.880398146147
3862 0.880395617169
4771 0.880393314819
2851 0.8803836875
3123 0.880371371803
1708 0.880370817788
3958 0.880357592311
1486 0.880353926359
649 0.880351296311
2243 0.880344312813
1394 0.880331853555
369 0.880330814485
1119 0.880327742761
191 0.880322813445
3658 0.880311303186
1047 0.880294288022
4102 0.880290817438
875 0.880282215867
1769 0.880280606953
715 0.880276130566
4640 0.880275050307
3402 0.880271206395
418 0.880246524051
2287 0.880239613788
4093 0.880234493497
532 0.880227819912
4090 0.880224736474
607 0.880224482886
2538 0.880214902203
4457 0.880210780481
3227 0.880206123084
3168 0.880200167065
527 0.880192882826
2087 0.880187065843
2936 0.880168905449
3347 0.880135217044
2132 0.88012191918
2912 0.880116861506
4095 0.880116408098
4180 0.880106339559
1114 0.880092320754
1851 0.880082451349
4353 0.880078960993
4304 0.88007148328
1981 0.880044351427
1457 0.880014885336
1939 0.880005266548
1715 0.879998240001
3102 0.879995889269
4500 0.879984867108
2773 0.879972235593
1943 0.879965933517
1193 0.879956586087
1167 0.879938944839
2064 0.87993702549
3335 0.879935774823
2001 0.879921881857
3599 0.879920845365
314 0.879919072585
2816 0.879913490137
3274 0.879905850258
2665 0.879904240612
2270 0.879888840386
873 0.879884741176
1705 0.879876023357
1581 0.879864400269
18 0.879819253536
4397 0.879808164797
3267 0.879801134101
4331 0.879800550036
1692 0.879792539519
1784 0.879786493806
2338 0.879776160151
3893 0.879771697805
2716 0.87975208388
836 0.879728883901
3956 0.879720332724
3049 0.879717504414
3406 0.879713097912
1149 0.879711220243
3601 0.879706582034
818 0.879701694377
3445 0.879698940138
906 0.87968502544
904 0.879684613573
4715 0.879680806585
4199 0.879678460054
1217 0.879669108058
2414 0.879667740795
1919 0.879653744185
3560 0.879639353404
792 0.879637120185
1003 0.879622685445
3304 0.879619342026
313 0.879614853123
1239 0.879605501309
3180 0.879595426692
4105 0.879583059633
298 0.879580839256
4286 0.879574654921
3329 0.879561443566
4299 0.879556628586
3562 0.87955097512
1721 0.879549309478
2045 0.879548426037
1754 0.879533918372
770 0.87953152912
2082 0.879525371796
2062 0.879524581848
4802 0.879519392577
2376 0.879518797261
3882 0.879514555153
1386 0.879481278727
136 0.879459516697
3370 0.879441636401
3467 0.879438417947
2120 0.879434256852
1765 0.879430052296
2141 0.879418025799
3033 0.879411729424
4222 0.879396036817
3582 0.87937627641
1775 0.879372326852
1166 0.879371682696
3333 0.879365552299
3409 0.879362075867
3126 0.87936074719
3921 0.879358725592
1022 0.879355804633
954 0.879352469092
2741 0.879322736118
3987 0.879306406735
2564 0.87929569781
3868 0.879291989097
2592 0.879285360847
4539 0.879282423894
3857 0.879272905766
481 0.879271389096
4768 0.879258870348
2598 0.879258188473
1389 0.879241341857
591 0.879237270448
3514 0.879218576026
4809 0.879218160531
4750 0.879215453716
457 0.879210262315
4511 0.87920602616
3145 0.879193323209
3149 0.879175401097
4446 0.879158836267
959 0.879156985068
4760 0.879151951924
4269 0.879150770732
3925 0.879149831061
104 0.879133312659
1339 0.879123467049
866 0.879122304403
4295 0.879121564903
4493 0.87911671873
1515 0.879114126527
4542 0.879112240717
2681 0.879108007009
704 0.879104641051
69 0.879104418447
4212 0.879092941743
982 0.879090640622
2170 0.879087936724
3235 0.879067800699
4048 0.879067259726
1540 0.879062094431
4717 0.879060792127
3122 0.879053512707
3428 0.879041889527
981 0.879036487793
143 0.879034035827
4743 0.879028322314
614 0.879024275608
3748 0.879021972324
4194 0.8790175969
1952 0.879009855468
993 0.879007022334
1621 0.879005061543
1165 0.878984172123
551 0.878979354348
1639 0.878971263719
127 0.878952645714
348 0.878934497534
3609 0.878929980087
3297 0.878902775714
316 0.878886830526
3922 0.878886380508
3796 0.878884230846
2786 0.878881339676
728 0.878836437145
4442 0.878827652982
1925 0.878808722963
4630 0.878771743084
4261 0.878770147162
1977 0.878758998561
1231 0.878756436623
4388 0.878745136287
331 0.878743549847
1500 0.878719140342
4111 0.878713655242
923 0.878700593724
1594 0.878696380472
2343 0.878695841158
3778 0.878688821959
1145 0.878685120044
3104 0.878676232815
4289 0.878673011452
3716 0.878671729971
2361 0.878656527353
4037 0.878648326635
2544 0.878646449891
2239 0.878646270228
1052 0.878617155447
4568 0.87859006195
1273 0.878585745875
251 0.878556250233
855 0.87855056873
3266 0.878545783632
3061 0.878541968267
329 0.878526305935
1259 0.878524153818
2674 0.878520996557
4228 0.878509245575
2029 0.87849674157
2768 0.87849512092
296 0.878485018522
2365 0.878479886282
3649 0.878479485146
4537 0.878474563404
4076 0.878466719007
375 0.878463579265
3396 0.878457301048
3881 0.878454366315
2267 0.878444773492
1130 0.878437087896
3278 0.878430051617
4354 0.878428012269
4666 0.8784204221
4560 0.878404743371
4313 0.878403658293
3924 0.87839416496
2637 0.878377173638
3392 0.878370563727
155 0.878367844218
3163 0.878361727789
4257 0.878349333754
2399 0.878349256593
450 0.878341614999
530 0.878337262979
4255 0.878337158424
3903 0.878336945699
4520 0.878331735934
3342 0.878297781895
4779 0.878290051778
4569 0.878278225065
2707 0.878276776268
877 0.878268871348
4015 0.878267003026
4598 0.878266159277
2550 0.87825908663
1554 0.878247050143
963 0.878236389952
2843 0.878235615677
72 0.878218500547
4780 0.878206005859
4323 0.878194228952
3846 0.878185212456
1204 0.878178875063
1564 0.878178061729
1877 0.87817089113
4439 0.878159475409
1197 0.878156950557
51 0.878152222027
3685 0.878150768215
3434 0.878111529976
4721 0.878107597242
988 0.878104008548
891 0.878093732557
1347 0.878083909776
393 0.878080217416
771 0.878077316112
3803 0.878077305906
3103 0.878065523485
520 0.878063099934
2533 0.878035365814
1312 0.878024152549
1458 0.877998502599
3139 0.877995987149
1387 0.877987092174
361 0.87797899162
4028 0.87796171934
3268 0.877960332638
4807 0.87794914261
2791 0.877937392101
1619 0.877935820774
2307 0.877915618352
1293 0.877893226651
2006 0.877890625678
1498 0.877889423497
413 0.877875597992
4020 0.877873679981
3584 0.877873249844
4510 0.877864387064
1898 0.877863843215
2409 0.877852678098
3816 0.87785265125
1542 0.877849672402
2554 0.877849420682
899 0.877849354994
2464 0.877841180717
4108 0.877833794204
3408 0.877819276618
3578 0.877818267109
2145 0.87779976279
2015 0.877785627286
3859 0.877758920256
717 0.877756906941
2331 0.877754504104
3841 0.877749286771
4608 0.877708735281
3132 0.877704373843
3228 0.877692215088
4157 0.87766538009
3254 0.877648934645
1894 0.877609318544
766 0.87760487451
2134 0.877588927917
2913 0.877586224312
2825 0.877574982247
2162 0.877555410472
4705 0.877551440127
2284 0.877520397247
3181 0.877505692264
3250 0.877501978281
4049 0.877499963541
769 0.877498626045
1332 0.877495160292
1892 0.877490813354
2058 0.877482442508
3146 0.877470348319
3997 0.877469109875
119 0.877446227273
2315 0.877401518403
832 0.877389319614
2998 0.877380083096
588 0.877374928662
2355 0.877357430334
2421 0.877339939862
463 0.877337745086
234 0.877315447139
4000 0.877313859465
730 0.87729586494
859 0.877277176866
202 0.877268830519
1195 0.877268442501
355 0.877259496372
2525 0.877245829372
3791 0.877242086735
4462 0.877225408369
435 0.877214989555
291 0.877187961916
4708 0.877186660656
4361 0.877181737865
890 0.877167636014
4115 0.877165631524
1830 0.877159980746
3166 0.877154863626
3564 0.877141153212
3360 0.877106925985
2228 0.877082329081
3306 0.877080472238
2432 0.877073080675
93 0.877064454492
1810 0.877046216825
2826 0.877042367671
2263 0.87704226128
1654 0.877033612047
2426 0.877031513916
1989 0.877020685225
3574 0.877015533389
4791 0.877011766419
4245 0.877008074254
2518 0.877007250097
3471 0.876992915816
47 0.876983463727
4459 0.87698060908
582 0.876980022902
3970 0.876968871576
1999 0.876962511744
1583 0.87694880501
3472 0.876926705884
1012 0.876905067387
2870 0.876889454987
3316 0.87687949466
4586 0.876878770692
3295 0.876868447126
3034 0.876863845417
1600 0.876848425081
540 0.876845749061
2911 0.876826628553
4010 0.876818591624
2574 0.876812559398
1329 0.876810492072
1150 0.87680927354
2 0.876799141039
518 0.876796747214
3831 0.876796661849
2940 0.876770491438
4409 0.876762118816
1497 0.876760832891
4328 0.876748111662
1246 0.876722199091
1219 0.876719713362
2017 0.87669223718
4795 0.876685948156
2010 0.876679122689
3249 0.876674470165
56 0.876665277345
4561 0.876663041358
4084 0.87664757748
3969 0.876623066662
1420 0.876609951293
723 0.876604148999
3581 0.876601028733
3989 0.876591688672
1125 0.876558291514
815 0.876545067041
148 0.876542538283
1315 0.876538715072
1508 0.876528829053
3359 0.876511648281
2131 0.876506037504
3378 0.876498475029
604 0.876480754567
4277 0.876477366103
3263 0.876470587397
4698 0.876446780177
1388 0.876436837684
256 0.876416658937
1452 0.876409498793
2878 0.876407409316
3912 0.876403835165
239 0.87640216788
4525 0.876398257334
1779 0.876397306014
2828 0.876396806821
3147 0.876390103268
2180 0.876374328908
4555 0.876372334612
504 0.876368266745
735 0.876347404053
4359 0.876346412378
3217 0.876329156683
1001 0.876320597868
1915 0.876316238499
4077 0.876310982264
1860 0.876310039133
2211 0.876304205818
1288 0.876295269131
2968 0.876294522648
3823 0.876290012042
2221 0.876286442389
3172 0.876283939578
366 0.87627463477
924 0.876251742636
4030 0.876247021813
4728 0.876221233678
4534 0.87622065343
1384 0.876212003832
1843 0.876210800001
4545 0.87620947904
969 0.876192944819
4445 0.87619177586
4047 0.876183210459
878 0.876174178507
3411 0.876151649319
3320 0.876130140252
4590 0.87611204526
360 0.876110990336
3625 0.876095299417
4085 0.876092664875
4364 0.876083735535
2775 0.876082253904
3637 0.876082150727
4417 0.876071715594
4709 0.87606926317
1230 0.876065740784
4652 0.876057496727
783 0.876045024832
546 0.876043060793
3318 0.876015754211
529 0.875938587553
4256 0.875938122217
719 0.87591641655
362 0.875911282072
4205 0.875899218445
2330 0.875890215883
1123 0.875875315908
1577 0.875873867737
2415 0.87586661164
3834 0.875865040664
3760 0.875854516831
373 0.875847198416
1188 0.875846910714
229 0.875837255997
4523 0.87583070956
1653 0.875829698277
3913 0.875822389489
712 0.875798212848
4639 0.875794913868
2497 0.875787062302
1302 0.875781628297
740 0.875777052776
103 0.875764255161
4706 0.875744930288
2500 0.875741654858
3305 0.875739321163
915 0.875738274453
1496 0.875727199722
567 0.87572659347
629 0.875722915023
3143 0.875716729834
3192 0.875703381614
886 0.87568236115
3592 0.875652379602
2975 0.875651530225
1752 0.875630644424
424 0.875629902118
3849 0.875612367765
2107 0.87560708915
1764 0.875592446176
328 0.875572354867
3364 0.875569030596
1287 0.875568779075
2792 0.875565478673
2694 0.875554741791
1120 0.875521768623
2291 0.875457230172
2501 0.875428716327
3021 0.875424517443
302 0.875412516016
2560 0.875398695666
3953 0.875359754918
1170 0.875356277848
4031 0.875354406679
3952 0.875346205392
3734 0.875324290368
2248 0.87531752763
4595 0.875317255619
3404 0.875303054397
3573 0.875295695337
3043 0.875293592315
839 0.875285099259
2169 0.875267616951
842 0.875248580405
423 0.875245355263
575 0.875229832738
895 0.875213429749
299 0.875205428722
179 0.875204270328
1553 0.875139418642
4518 0.875128434885
4428 0.875121745514
2117 0.875115237083
268 0.875111354006
3431 0.875074213047
3798 0.87507368955
4486 0.875065830006
4729 0.875064193069
4607 0.875055742902
720 0.875013472013
2122 0.875000476473
900 0.874990262755
3740 0.874985591161
2163 0.874953957311
2619 0.874948936138
2652 0.874942504967
2446 0.874919369509
2907 0.874909136117
2527 0.874905285214
3093 0.874903552603
173 0.874888418236
3842 0.874885999058
2838 0.874866708336
1271 0.874862003069
3377 0.874844789048
1465 0.874827086346
772 0.874814840389
846 0.874803588408
4202 0.874782547352
3461 0.874780766995
3058 0.874780744724
1295 0.874763038175
4636 0.874759316253
4501 0.874740405373
2761 0.87473916329
2396 0.874738833469
795 0.874727188136
1205 0.874726361285
3824 0.874707496021
816 0.87469579143
4052 0.874648486773
64 0.874647129834
1448 0.87463980889
4522 0.87463946469
2188 0.87463396466
4700 0.874606074376
267 0.874601398388
1985 0.874595194357
4393 0.874577487046
211 0.874566249953
992 0.874549851876
1704 0.87454360866
2380 0.874532326721
4723 0.874523954112
3480 0.874482824562
3028 0.874470243688
4438 0.874468706377
2265 0.874464771118
2060 0.87446445795
1042 0.874449498777
3462 0.874414613171
4471 0.874379665166
4734 0.874370703768
1926 0.8743475967
74 0.874343688055
1455 0.874317852941
2532 0.874302639541
739 0.874302083871
3248 0.874267171009
1571 0.874263913208
4285 0.874231723293
3547 0.874221506856
4797 0.874214509361
1108 0.87420098141
952 0.874198226856
1815 0.874190561985
3911 0.874170057336
2217 0.874107426857
2172 0.874098145672
819 0.874089735892
4082 0.874088351766
3443 0.874071303312
1405 0.87404849246
4124 0.874040334612
1927 0.874021408178
3810 0.874008418232
4155 0.87400709001
4381 0.87399279418
3019 0.873992301387
3756 0.873991190099
4305 0.87398979176
3231 0.873972584128
3591 0.873961210689
3044 0.873957142295
548 0.873932927414
3606 0.873927905256
4556 0.873915893593
3432 0.87391363053
2115 0.873909136113
565 0.873900762296
3556 0.873889002212
2906 0.873875726392
223 0.873844203231
4526 0.873843962863
2425 0.873816406983
4766 0.873788051245
84 0.873787760508
58 0.873783858566
3759 0.873779549729
3840 0.873773744809
4433 0.873771342414
1248 0.873759284228
4358 0.873731720916
4051 0.873709078772
3680 0.873703360044
350 0.873690440337
3456 0.873688588009
3375 0.873682981568
1127 0.873670797381
33 0.873668851675
4763 0.873608607956
3532 0.8736078205
1996 0.873605494663
524 0.873604659884
4172 0.873596594209
2231 0.873591675043
747 0.873586364959
3858 0.87358584533
2941 0.873573547189
867 0.873554062475
1574 0.873513783238
34 0.873511233226
4271 0.873507184654
3871 0.873496589401
2482 0.873478249412
2136 0.873453169333
378 0.8734520277
638 0.873435595846
1880 0.873424476449
1164 0.87340753795
4322 0.87340260352
4430 0.873394905324
558 0.873384953828
3453 0.873372779568
2653 0.873340916339
1478 0.873328439342
2153 0.873327205444
4089 0.873321260392
3374 0.873307656638
4314 0.87328245501
3454 0.873275257226
2931 0.873267429109
2300 0.87326575104
4003 0.873248847103
2032 0.873244518419
415 0.873235971626
4073 0.873228672534
2403 0.873222037773
4506 0.87321349889
3451 0.873211977229
3226 0.873210250236
3878 0.873202836872
526 0.873197204525
3247 0.873191657399
3967 0.873188766916
3675 0.873184166812
1147 0.873181235629
531 0.873176756945
777 0.873163911454
1629 0.873160357896
845 0.873156691236
3252 0.873151283628
848 0.873142840484
4274 0.873133984991
680 0.873133090129
4440 0.873122676194
4211 0.873115822471
4673 0.873108274698
2222 0.873077047082
2000 0.87307501284
2350 0.873074889132
925 0.873036198469
1254 0.873034689007
2789 0.873025436589
2035 0.873019471496
4293 0.873016077673
2210 0.872979152297
431 0.872975204257
1706 0.872960310998
1194 0.872941756956
950 0.872914822853
3255 0.872908018768
428 0.872876845206
944 0.872870658111
522 0.872870083415
4659 0.872860821344
1990 0.872857451264
2815 0.872850427445
3850 0.872843311718
2435 0.872838010638
446 0.87283588962
2904 0.872834764149
2081 0.872831317335
4504 0.872829519767
1739 0.872820655671
4251 0.872814481859
2797 0.872813410893
401 0.87278795076
2963 0.872786091677
3974 0.872785060303
1786 0.872765846731
2950 0.872760801103
2199 0.872755927637
998 0.872746522931
1328 0.872746428039
563 0.872745218056
499 0.872723762116
881 0.8726907241
1417 0.872682311753
4625 0.872658592535
2378 0.872643998736
112 0.8726418844
560 0.872639743509
4505 0.872631132516
1995 0.87254625355
4184 0.872538842735
3209 0.872531866077
2703 0.872528409039
2516 0.872487780838
4553 0.872477782577
1622 0.872476756089
1928 0.872472807965
135 0.872471888562
4298 0.872407500916
1533 0.872378569563
887 0.872365394682
1931 0.872351499464
4075 0.872339221761
21 0.872321532493
2932 0.872303619785
3833 0.87228796582
3620 0.87226612441
2405 0.872244118331
3433 0.87220929384
1942 0.872200112116
4694 0.872133083689
4011 0.872128856298
1321 0.872128276303
349 0.872097521032
384 0.872084114266
1211 0.8720771541
2997 0.872044916539
170 0.872032390398
4508 0.871984507283
4491 0.871970295621
4541 0.871961834705
3439 0.871935777361
541 0.871935356837
1874 0.871889216334
1903 0.871847781959
4469 0.871839654294
1485 0.871823220367
1601 0.871811276898
4454 0.871773153409
2865 0.871757713344
3535 0.871748291607
4414 0.871738697356
4062 0.871705712872
2427 0.871701109056
2841 0.871659014789
559 0.871640377629
3002 0.871608923574
4662 0.871606487068
787 0.871599103145
3273 0.871586768021
898 0.87158611304
4065 0.871562822382
4004 0.871543612929
897 0.871532293188
4054 0.871516815636
4769 0.871505152145
4538 0.871497234738
160 0.87148525199
2223 0.871485086134
3189 0.871474378898
616 0.871468224972
1997 0.871452575358
2048 0.871423327996
3594 0.87141587335
628 0.871385738415
301 0.871373921259
4742 0.871372204838
3036 0.871358972376
4465 0.871357652399
849 0.871356999732
3886 0.871346515554
3725 0.871337613167
4793 0.871294533091
1878 0.871238802433
1306 0.871238077232
3603 0.871227878961
3024 0.87122648929
1279 0.87117686715
353 0.871175443344
2842 0.871170764631
955 0.871129246611
850 0.871111275808
4356 0.87110063336
619 0.87107316512
1590 0.871058097636
931 0.871045266694
4238 0.871029395412
3548 0.871019152294
4126 0.870992022429
2611 0.870982214492
2288 0.870972600847
4023 0.870971276234
4654 0.870964790719
3657 0.870956532822
4045 0.870946920184
2016 0.870931204852
1237 0.870907036998
3885 0.870864596869
2751 0.870838701315
3819 0.870834666353
1902 0.870821217156
1627 0.870812158811
1342 0.870802427993
3366 0.870791369373
1961 0.870739406078
2402 0.870731615693
2412 0.870729294152
4660 0.870722743208
4455 0.870714383416
521 0.870705153284
508 0.870690629775
2886 0.870690022158
2817 0.870688205735
4711 0.870687816022
1907 0.870685323687
956 0.87068409803
1774 0.870681717223
3349 0.870681294473
221 0.870668521344
3818 0.870651305107
4437 0.870635823694
3484 0.870618332465
1867 0.870592719733
1418 0.870587863373
2715 0.87057482392
2165 0.870566969577
1257 0.870558636307
1904 0.870543279774
2897 0.870487041459
594 0.870453431072
2547 0.870452195885
593 0.870432206947
1000 0.870422147519
16 0.870419115954
566 0.870415892948
1416 0.870402510948
2203 0.870385717715
4480 0.870382630163
4796 0.870361008106
26 0.870339638534
3972 0.870333836299
3743 0.870303673526
1924 0.870299340125
4246 0.870274947355
1755 0.870263924951
1502 0.870255328528
1006 0.870240689955
2952 0.870230337068
2428 0.87022452645
1905 0.870224153958
4751 0.870223547553
1966 0.870222926499
2128 0.870196281869
1580 0.870189161867
151 0.870184353775
630 0.87016530836
1415 0.870160638759
1112 0.870159278744
2726 0.870138498535
2419 0.870134937704
3025 0.870120101738
4808 0.870107291318
1522 0.870075889621
3270 0.870063547476
3251 0.870055381605
542 0.870032666876
3838 0.870024339919
3245 0.870023226234
2914 0.870010084327
2821 0.870007600117
3186 0.870004510256
2916 0.869999318963
3652 0.869989507394
513 0.869979488731
564 0.869974044909
665 0.8699427711
1426 0.869938707938
2785 0.869931544059
4498 0.869931344279
4078 0.869927871863
653 0.869925230904
2224 0.869904431753
2155 0.869900968756
4081 0.869894195376
2654 0.86989406676
500 0.869858471261
3848 0.869832518764
556 0.86981606923
2281 0.869798976869
2887 0.869782433562
1612 0.869752626377
3758 0.869739553175
4647 0.869733915345
603 0.869723411831
2991 0.869718937397
1132 0.869718582489
3795 0.869718394246
2442 0.869710295635
2395 0.869703839374
3437 0.869680141575
3664 0.869672207891
3410 0.8696681157
4701 0.869665342787
4794 0.869646478439
2410 0.869645479814
4236 0.869629812821
1203 0.86962445082
4250 0.869611061007
2106 0.869594529861
3395 0.869594416719
383 0.869576500852
3566 0.869572958822
647 0.869570277623
1859 0.869553661785
3577 0.869551449691
495 0.869543873019
3050 0.869543084895
1631 0.869533606487
914 0.869533397992
1560 0.869531667994
2009 0.869494115854
3280 0.869475181231
2138 0.869455383343
1526 0.869439375802
1763 0.869429799477
523 0.869413031128
195 0.869390604423
43 0.869379668608
3935 0.869378491088
501 0.8693371109
330 0.869292303926
3457 0.869291171232
3622 0.869280901389
4014 0.869262541536
2460 0.869262308601
2894 0.869257548359
3965 0.869254890198
1681 0.869242648671
1056 0.869239050789
4068 0.869142195159
4262 0.869093246487
1208 0.86908847434
1423 0.869060952696
3211 0.869011477159
4329 0.869011058728
2086 0.868982335602
1322 0.868959599972
1527 0.868955961559
835 0.868946244545
932 0.868923381338
3936 0.868920882656
4411 0.868915847953
824 0.868907846552
203 0.868888581838
3736 0.868880954083
2659 0.868842288125
3715 0.868841330666
4644 0.868824534127
4403 0.868818928581
3801 0.868782718548
3828 0.868780543031
4524 0.868765429098
4478 0.868740614029
1922 0.868733360032
2539 0.868723847119
1735 0.86871296495
3706 0.868682650968
741 0.868678107953
54 0.868609523844
3035 0.868605236626
512 0.868576004776
534 0.868576004776
3376 0.868566295078
1862 0.868543397044
4114 0.868537826661
1766 0.868537453967
2080 0.868534276316
971 0.86853411437
550 0.868531381121
4019 0.868520246201
1998 0.868517766512
3701 0.868511277899
1796 0.868509690619
1286 0.868505920095
2754 0.868502641253
984 0.868501265885
2490 0.868476911618
2803 0.868459552868
1409 0.868454743696
1551 0.868429279461
1488 0.868422555244
3441 0.86839221153
852 0.868377926218
210 0.868375755649
133 0.868370207766
999 0.868352377608
3673 0.868321845815
2896 0.868321558381
4519 0.86831785824
2727 0.868269554387
2039 0.868251929719
2443 0.868248900668
2935 0.868230615333
2656 0.868177015169
169 0.868141637787
447 0.868100891439
3950 0.868071391193
3389 0.86806224422
2274 0.868016268598
3761 0.868003026704
1694 0.867991382454
75 0.867988535854
1253 0.867967534278
4789 0.86796089798
3782 0.867953581729
4204 0.867937601568
1964 0.867931952341
595 0.867904374485
829 0.867896397365
2836 0.867892572592
996 0.867868149371
2050 0.867865323586
4533 0.867864591946
1316 0.867846545379
150 0.867843360403
386 0.867832981571
3240 0.867822849051
1933 0.867807727827
1472 0.867792197129
4787 0.867778418963
1221 0.867765784445
3996 0.86776225931
4050 0.867741255342
4363 0.867735738227
1771 0.867729438341
3175 0.867729241448
631 0.867725000318
1929 0.8677064659
1392 0.867680766655
1169 0.867680039806
2537 0.86764568328
417 0.867638848445
4675 0.867628495586
494 0.867621511437
3442 0.867597307132
4811 0.867572411228
1970 0.867571234352
3384 0.867569890527
1304 0.867563695659
1923 0.86756132008
3171 0.867535852039
4714 0.867498412721
1492 0.867486958406
2892 0.867471304293
4676 0.867421291383
2739 0.867419648191
290 0.867418817054
1675 0.867395920104
1682 0.867380404833
111 0.867348153081
3947 0.867339567847
1620 0.867336806635
1846 0.867332529368
312 0.867328058272
3205 0.86730364527
3670 0.86730252324
2540 0.867295194435
108 0.867273058096
3630 0.867258453067
2915 0.867228096947
4195 0.867210575166
1530 0.867193527598
3179 0.86711044722
3260 0.867082683718
1057 0.867051231192
3390 0.867040795362
4026 0.867010424548
451 0.867007893705
1466 0.867006012451
517 0.866949747529
597 0.86694397869
1780 0.866907701989
2734 0.866902971643
4677 0.866901422936
798 0.866891665031
336 0.86688633503
3256 0.86688618538
1609 0.866881165199
668 0.86686802272
4376 0.866862614711
3241 0.866852006922
3302 0.866845937281
1523 0.866841840854
1141 0.866834465524
2278 0.866813775753
1914 0.866813446657
1547 0.866811475341
4406 0.866804685971
4362 0.86679872574
1481 0.866785133732
2404 0.866770287963
1854 0.866748362968
2286 0.866742959799
2215 0.866731621982
4477 0.866726113344
4702 0.866689481464
1122 0.866665428057
4394 0.866660736053
4476 0.866635917085
608 0.866630829801
2480 0.866629772532
581 0.866604037518
3777 0.866602728083
710 0.866597858036
2413 0.866574310461
3771 0.866572064717
2891 0.866565315858
3717 0.866544169938
1225 0.866533051299
2949 0.866515690562
3644 0.866493519037
4326 0.866457896599
215 0.866450771961
3219 0.866422724769
3444 0.866419283947
385 0.866382842365
4380 0.866324985431
2899 0.866302861623
654 0.86628413238
2457 0.866271866002
4069 0.866261015616
2876 0.866258326353
1748 0.866246976935
3459 0.866210353607
1751 0.866202669156
965 0.866192884608
3204 0.866191849763
1434 0.866186863666
4727 0.866186473495
3177 0.866184110526
3038 0.866167933648
198 0.866156807015
1773 0.86614166624
3927 0.866139338078
2710 0.866138372947
2007 0.866123700709
325 0.866097392889
4242 0.866089531932
3307 0.86608407765
1935 0.866055692558
1731 0.866047826181
4070 0.866037327757
2696 0.866032324735
2617 0.866003137006
4507 0.865984717443
1381 0.865978325373
1140 0.865952783476
2038 0.865932155551
3815 0.865914514865
1881 0.865902351953
4022 0.865887082075
2005 0.865837138133
4009 0.865816565139
3141 0.865811860915
4161 0.865811159556
2420 0.865797284348
3303 0.865786816036
4540 0.865762306413
2964 0.865743933796
1812 0.865739774662
3140 0.865728486721
1319 0.865726827448
4731 0.865685809714
2853 0.86568448877
2083 0.865675272103
4744 0.86562229811
4352 0.865614424663
1838 0.865606573765
3173 0.86560402855
1672 0.865600585977
3992 0.86559150841
62 0.865584396148
1770 0.865574391932
35 0.865551345104
1962 0.865532148025
2602 0.865531233732
4024 0.865521493987
3315 0.865515741927
4664 0.865471853245
3785 0.865416688314
335 0.865399784189
1310 0.865350294036
1930 0.865324419125
4745 0.865314384446
1744 0.865284405672
4792 0.865275614629
785 0.865251442948
1341 0.865247847815
4814 0.865244110714
2978 0.865223252153
4087 0.865149857872
4431 0.865135148908
2209 0.865127644219
3986 0.865075747279
261 0.865058000797
476 0.865052607761
134 0.86503445051
2299 0.865022172875
1917 0.865001573997
4040 0.864985805518
1936 0.864921566011
1932 0.864874333427
3999 0.864872676328
2986 0.864859227239
831 0.864835364055
3914 0.864830609308
503 0.864824603317
4765 0.864793879642
2078 0.864791637326
1630 0.864786258046
3440 0.864776563954
1918 0.864767531901
2213 0.864766117144
1265 0.864754775893
4278 0.864749499232
2905 0.864718626352
639 0.864711069909
2356 0.864672556812
123 0.864671952496
1501 0.864663595248
2733 0.864663538946
2268 0.86465380128
4071 0.864642650439
3646 0.864639348186
1855 0.8646352544
3446 0.864612328777
3229 0.864599977173
3626 0.864565309891
4130 0.864548019458
752 0.86454527673
3094 0.864536261011
2953 0.864529742939
2669 0.864484375708
2800 0.864470239887
181 0.864430112873
516 0.864422465356
1491 0.864417651687
4086 0.864372430343
4699 0.86436944621
3438 0.864368602333
3809 0.864354550515
732 0.864353038494
4234 0.864333845403
2417 0.864330363065
4367 0.864320439145
3133 0.86431869948
957 0.864302935463
3990 0.864285086378
3190 0.864284296503
1916 0.864263968639
3196 0.86426190018
220 0.864245094275
4220 0.864241287714
3288 0.86422844498
1437 0.864189079569
1511 0.864177755853
536 0.86415257257
1024 0.864143804795
4079 0.864096760769
2954 0.864086653919
4335 0.864080418722
197 0.864039258838
3832 0.864000509698
655 0.863997588539
2746 0.863993611028
1890 0.863950830252
844 0.863882635851
4602 0.863869840876
1934 0.863834662187
61 0.863804844076
2363 0.863785497839
1750 0.86378503314
3416 0.863773710475
152 0.863768594256
896 0.863765305886
4327 0.863758262366
227 0.863729542804
4713 0.863718719882
4678 0.863637272397
2314 0.863599503449
3517 0.863585338126
1882 0.86355039972
3776 0.86350088636
498 0.863468572258
3722 0.863457838948
615 0.863407183683
3463 0.863367705486
4450 0.863362021269
3905 0.86331270793
1413 0.863282595532
4008 0.863281932309
293 0.863228813658
2473 0.863223425669
2280 0.863207190455
3059 0.863206950327
201 0.863204488872
8 0.86319306826
207 0.863190353164
1227 0.863190353164
1559 0.863190353164
1777 0.863190353164
4092 0.863190353164
272 0.863145671758
515 0.86314086263
3324 0.863134685864
249 0.863113919999
1446 0.86310166218
2956 0.863096496264
219 0.863088708675
238 0.863060610267
4287 0.863048809024
326 0.863012700204
1395 0.862981798365
3731 0.862917699627
1736 0.862865915373
17 0.862862775844
4535 0.862822274365
1958 0.86279076219
2357 0.8627170338
3946 0.862712307878
3197 0.862705477932
778 0.862650039976
3116 0.862631078365
115 0.862613982347
3537 0.862522785866
1099 0.862518860221
456 0.862509172233
3000 0.86245914087
372 0.862442500437
4499 0.862435012872
3576 0.862430731014
3323 0.862412277497
4072 0.862399790184
4171 0.86237037026
3616 0.862359612773
4496 0.862358829693
997 0.862327508196
3617 0.862309863679
1732 0.862259270737
2951 0.862249851382
796 0.862188965658
3615 0.862172067982
4053 0.862169482514
2772 0.862148911658
958 0.862122480382
937 0.862113928176
126 0.862112374514
2484 0.862104369571
1199 0.862070125191
3393 0.861998601539
872 0.861962363245
2043 0.861962363245
4415 0.861957867084
3763 0.861950239501
1116 0.861939538428
2731 0.861937120371
2885 0.861932928275
2534 0.861928782627
2448 0.861925156051
995 0.861852153513
2955 0.861852045758
3071 0.861831991374
2230 0.861805607378
609 0.861749905007
514 0.861683190942
3571 0.86167347361
1168 0.861662522864
3150 0.861597252502
4294 0.861556105421
2014 0.861538284029
975 0.861520104155
2729 0.861470454232
4549 0.861448382411
3154 0.86140006186
3723 0.861353670812
3629 0.861310493343
2481 0.861303711862
840 0.861270615589
2037 0.861259644145
509 0.861241473418
2232 0.861206317126
3165 0.861190230941
2959 0.86118500442
2846 0.861158871733
29 0.861110429133
4088 0.860979589454
3900 0.860963470025
1525 0.860939513931
681 0.860877934142
2690 0.860836189819
3762 0.860826348758
2260 0.860806811305
247 0.860762769629
1724 0.860755341309
3039 0.860730583197
2890 0.860725161595
1385 0.8606272575
1298 0.860622809821
2689 0.860604516335
2730 0.86056030197
2732 0.86056030197
1318 0.860492291832
4034 0.860491587615
2130 0.860476018443
3572 0.860457680745
876 0.860427961644
2982 0.860409807263
419 0.860376973167
2937 0.860372213015
3910 0.860320991574
4268 0.860310517795
3421 0.860244464243
3934 0.860240985837
1245 0.860232233312
1005 0.860185461011
3200 0.860172143443
1797 0.860098617721
1811 0.860056917534
2850 0.860046685982
1698 0.859965327099
1521 0.859963005256
153 0.85994987404
3861 0.859897772976
196 0.859894705253
1075 0.859890945698
2635 0.859886120589
1876 0.859842776706
2178 0.859817959819
994 0.859802034916
4074 0.859799661782
3486 0.859780028845
3553 0.859755674042
612 0.859742846584
2556 0.859721466242
292 0.859684669916
3188 0.859667853317
264 0.859644860789
2411 0.859624965669
253 0.859623868748
3963 0.85962288484
1920 0.859619240072
3991 0.85952678697
3195 0.859446597827
2135 0.859424184876
2860 0.859416139886
4083 0.859385203283
2848 0.859375855602
3901 0.859333096541
3118 0.859261286706
1440 0.85921435939
4413 0.859193999626
4237 0.859167351468
1268 0.859141100935
660 0.859138379992
1965 0.85912180181
4517 0.859080830099
3317 0.85906015516
351 0.859019978105
1747 0.858993768533
3666 0.858916528652
2309 0.858912361538
947 0.858873039391
3187 0.858859231
3450 0.858821582979
2502 0.858764262134
4815 0.858731423743
1436 0.858725968566
284 0.858719201386
3540 0.858706403554
1700 0.85868657323
4429 0.858589297007
3729 0.85858914464
3793 0.858570926913
4012 0.858570926913
3167 0.858559913916
57 0.858496183443
3792 0.858470593944
4324 0.858453570958
3697 0.858438858637
4651 0.858383046225
1179 0.858350089147
2672 0.858339729159
4027 0.858318723566
4044 0.858308318126
3355 0.858307434148
3730 0.858277871948
4529 0.858246038726
184 0.858232494803
3533 0.858218416456
4405 0.85819127637
4036 0.858183559742
3768 0.85817119723
4656 0.858129339804
2883 0.858127721641
1699 0.858049514377
1002 0.857935258846
4041 0.857906023043
1921 0.857885810574
1133 0.857844826562
3119 0.857784217612
3191 0.857767028628
1216 0.857763773764
1615 0.857733183283
1994 0.85773106346
1690 0.857729997338
1742 0.857728892836
1644 0.857720589791
4276 0.857689412583
4231 0.857684664155
4733 0.857669328857
1632 0.857656717566
4680 0.85763489264
1783 0.857624132121
554 0.857614131902
465 0.857591417088
1174 0.857482617407
2511 0.857435762789
2259 0.857379040935
3085 0.857347614546
1212 0.857346981835
20 0.857326991313
807 0.857308698798
1623 0.857273876977
4223 0.857240481642
2423 0.857237819514
2787 0.857191657952
1015 0.857172146801
3117 0.857104435888
4772 0.857103723028
1435 0.857090431578
738 0.857087602444
4209 0.857024555169
4239 0.856976227621
19 0.856968500965
3098 0.856928609875
4057 0.856892384691
1607 0.856882587202
2871 0.856882587202
1913 0.856845959173
4554 0.856816083843
817 0.85681405567
2844 0.856791089617
4683 0.856738391912
3844 0.85667477972
1975 0.856571434144
1745 0.856566330603
2571 0.856551172897
1557 0.856543657338
3568 0.856543634717
1011 0.856543593017
669 0.85653644718
2461 0.856476504348
1162 0.856465022178
1722 0.856420713024
3797 0.856394162765
2325 0.85631996369
2168 0.85629912274
1236 0.856281899626
3505 0.856266672838
3331 0.856264324285
2147 0.856254814638
206 0.856220714122
3358 0.856208858962
1625 0.856151623468
557 0.856124411414
578 0.856081314646
4330 0.856037512275
3284 0.856036641731
2678 0.85596693574
2202 0.855948306624
3053 0.855948306624
2728 0.855942065284
1459 0.855902728022
420 0.85588810741
4060 0.855884937282
3184 0.855868655428
2515 0.855836893841
3081 0.855806476625
1307 0.855781446958
2884 0.855750179152
4777 0.855705457159
951 0.855665100222
4339 0.855664557343
237 0.855626807054
2553 0.855593964355
1391 0.855573385602
410 0.855546364013
486 0.855544543721
3334 0.85549486888
2692 0.855477192766
4416 0.85546702302
3011 0.855391102416
1641 0.85534947241
833 0.855239965912
2092 0.855189550562
110 0.855188481382
2125 0.855098440186
2158 0.855081637614
640 0.855042839714
2321 0.855006477723
3032 0.85498813248
4696 0.854974677863
663 0.854944612753
3497 0.854933037928
2655 0.854869090343
3128 0.854829541801
716 0.854828164404
4646 0.854824070461
278 0.854821597121
1493 0.854780131254
4226 0.854765801573
387 0.854723692081
3279 0.8546510534
2196 0.854628232856
3203 0.854588631653
2750 0.854563226814
3479 0.854557036619
3120 0.854542426842
1412 0.854531627669
4290 0.854459149261
3422 0.854437763871
3213 0.854429668825
826 0.854403541231
1018 0.854403541231
3436 0.854403541231
3802 0.854388084058
3407 0.85435176838
1317 0.854343755293
4035 0.854300012149
3115 0.854283575253
67 0.854247277758
3022 0.854217458698
4516 0.85421186716
1091 0.854211198563
533 0.854195284441
1899 0.854166467301
3112 0.854158069567
3311 0.854106859654
4424 0.854050117501
736 0.85403675408
3605 0.854018111756
4193 0.853987628012
2179 0.853968824063
4063 0.853938759239
113 0.85383596997
3381 0.853699537915
880 0.853669524165
295 0.853637230266
4720 0.853621304393
2041 0.85361648798
1817 0.853546271418
4410 0.85352091271
2142 0.853519932794
4509 0.853491657837
2607 0.853474726058
1614 0.853467716985
4385 0.853440933954
250 0.853435534623
464 0.853405864916
2275 0.85337828811
4781 0.853259091931
2942 0.853234243309
2922 0.853208563213
3906 0.853163760216
2645 0.853118751766
1432 0.853082301771
3827 0.853052508552
4185 0.853043097667
4189 0.852950186156
4624 0.852948592123
4118 0.852866244339
2683 0.852823900294
2866 0.852818877946
4623 0.852777644686
4726 0.852770558553
2103 0.852769908527
3775 0.852753442693
2401 0.852679155718
4221 0.852587637855
2682 0.852558011056
3244 0.852514669232
888 0.852493844865
3779 0.85240721079
889 0.852402401568
444 0.852368761068
1343 0.852301446939
2981 0.85229774548
3837 0.852292803015
3234 0.852281506348
3294 0.852272027325
2530 0.852263427083
4064 0.852226337052
1289 0.852212308983
4116 0.852208965793
1820 0.852175163072
2028 0.852154088687
935 0.852119126627
3845 0.852075845288
1499 0.852014927626
3567 0.852004178052
3957 0.85199077069
1045 0.851965978313
485 0.851944877107
3212 0.851941527051
3341 0.851926211513
2743 0.851892437172
4432 0.851859537347
3415 0.851856847595
4412 0.851832240166
1503 0.851810882137
1776 0.851765153855
2161 0.851661833299
1879 0.85153393939
2094 0.85150687949
1531 0.851489433966
3047 0.851467098772
978 0.851440275281
266 0.851432644854
260 0.851425628619
3078 0.851401360845
4341 0.851392433571
837 0.851360166046
1749 0.851282417634
3418 0.851203998136
2752 0.851131191797
2671 0.851066004791
3130 0.851057595719
1163 0.851017818412
1480 0.850884737534
1135 0.850837385559
737 0.850794556311
3129 0.850786856398
2889 0.850774520126
2478 0.850753909607
3178 0.85069645341
3917 0.850658899068
1912 0.850580463651
2156 0.850560905956
1252 0.850477894437
1725 0.850410665807
1782 0.850397549524
4532 0.850333464222
1570 0.85031967571
4167 0.850304170072
4762 0.850199060277
834 0.850182114022
2708 0.850137364763
3984 0.850097266435
4275 0.850040788422
2241 0.849981573863
1025 0.849954920646
4392 0.849840584725
3322 0.849716193611
225 0.849681577859
579 0.849676476983
4190 0.849663969306
3485 0.849505563296
794 0.849468632334
644 0.849465655864
868 0.849465655864
1210 0.849465655864
3847 0.849465655864
1184 0.849389489522
2036 0.849379538885
2479 0.849367178503
4408 0.849362921728
2771 0.849335027337
4606 0.849310554666
2725 0.849242974748
3466 0.849210046735
1710 0.849179232289
3499 0.849152415152
670 0.849096819877
1454 0.849096819877
3687 0.849063039991
3508 0.849051822645
2091 0.848940320525
1908 0.848850395598
3732 0.848799412313
3314 0.848779241343
1333 0.848677997674
3773 0.848641878472
3623 0.8485770755
3641 0.848567003819
3741 0.848523612972
4321 0.848410688241
2796 0.848400545141
3494 0.848381871779
3127 0.848354218697
3351 0.848336599519
3712 0.848308445238
4133 0.848277885191
2673 0.848228019279
3821 0.848208588445
1816 0.848173564584
3513 0.848168374658
199 0.848166754529
1460 0.848091665997
4291 0.848036417101
2444 0.848033543724
3194 0.847930473304
3632 0.847927263247
1906 0.847906378908
2966 0.847889075125
1535 0.847860721127
1696 0.847818052156
2705 0.84780226921
2901 0.84780226921
2067 0.847790796721
3332 0.847698758795
3624 0.847638346847
1157 0.847610074619
2806 0.847597187636
4080 0.847555595334
2079 0.847524228677
2271 0.847507711972
620 0.847494616987
1693 0.847456408767
4344 0.847369407585
2261 0.847298418387
4235 0.847297904675
4617 0.847297904675
4603 0.847268105609
2133 0.847224216367
820 0.847199317994
1758 0.847198907644
1376 0.847170110541
3325 0.847158120608
1568 0.847077587115
1029 0.84703880947
4017 0.846903790202
3199 0.84685349748
3713 0.846809161306
4201 0.846756627603
3328 0.846739009638
4188 0.846719714656
3602 0.8466956675
2709 0.846682572055
80 0.84666513569
3218 0.846626504129
2847 0.846505578954
4254 0.84642836279
2778 0.846354608422
1470 0.846291880654
1589 0.846291880654
2319 0.846291880654
2008 0.846282903495
753 0.846278210034
2262 0.846219524833
232 0.846202904221
4107 0.846104898886
4061 0.846002213303
1344 0.845981154199
3455 0.845940506962
243 0.845924341998
1814 0.845922103296
3565 0.845879883746
3692 0.845852718016
2788 0.845776420238
92 0.845605899966
2175 0.845578480244
4186 0.845574348639
3867 0.845413655904
3276 0.845342992336
3920 0.845287294304
4164 0.845284330609
2693 0.845247790255
538 0.845203409889
967 0.84505899463
3182 0.845055287017
539 0.844990795965
2745 0.844896641235
1314 0.844882121617
966 0.84487314634
87 0.844847662569
2344 0.844677454918
2980 0.844656231438
3570 0.844652922021
3321 0.844613649907
2686 0.844561611155
2418 0.844538194081
4423 0.844465274599
4473 0.84444093875
4735 0.844333881412
3672 0.844275204514
300 0.844227960478
422 0.844227960478
4369 0.844227960478
3060 0.844213540983
275 0.844044695363
289 0.843997874289
3290 0.843995931905
2470 0.843946766975
1734 0.843912851193
4562 0.843818709687
3046 0.843809293629
3356 0.843808446536
1695 0.843799279144
2057 0.843790745568
4018 0.843770292122
1955 0.843721083607
73 0.843715581062
1397 0.843712902904
2545 0.84368686724
2164 0.843582652476
194 0.843538272451
4144 0.843426066133
3784 0.843411920456
167 0.843394203758
1250 0.843394203758
1813 0.843394203758
2104 0.843394203758
3794 0.843394203758
4232 0.843394203758
4463 0.843394203758
4785 0.843394203758
2985 0.843294268946
3679 0.843285454285
2197 0.84327612723
1720 0.843257189124
1626 0.843237643938
2893 0.843193339017
1741 0.843187983553
3879 0.843114986133
3201 0.843082354745
1324 0.843076451827
180 0.842953059478
613 0.842953059478
674 0.842953059478
676 0.842953059478
916 0.842953059478
1105 0.842953059478
1186 0.842953059478
1528 0.842953059478
1718 0.842953059478
2568 0.842864565302
68 0.842825275632
3739 0.842790810902
4120 0.842762312862
1401 0.8426881391
1591 0.8426881391
2880 0.8426881391
1016 0.842564782183
4443 0.842499725237
2837 0.842478524723
632 0.842466802279
374 0.842460434459
2390 0.842397783367
1543 0.84239210709
3909 0.842376446085
2129 0.842318750477
4658 0.842315200308
3817 0.842198250226
1464 0.842178249248
1861 0.842050603506
2116 0.841998167366
4582 0.841928570502
3628 0.841922005432
4758 0.841920851654
4192 0.841899842077
441 0.841684567296
185 0.841634602391
4067 0.841592207108
1 0.841525993328
3275 0.841523740614
4682 0.841498916074
217 0.841494916027
4618 0.841494916027
2631 0.841430297829
3714 0.841395105712
4689 0.84135633435
287 0.841314773591
2807 0.841238830552
1051 0.841215398798
4247 0.841166355473
3468 0.841163354308
2618 0.84107503324
3596 0.840923477109
2424 0.840870571895
903 0.840812563454
4672 0.840789667755
3088 0.840665347307
2068 0.840595931018
1411 0.840521627166
4464 0.840415164311
962 0.84039626953
1345 0.840272838075
3843 0.840256469932
2219 0.840255248518
4502 0.840254418038
2437 0.840202040043
2220 0.840187207066
55 0.840139785059
1004 0.840066084699
3007 0.840034842259
3264 0.840025527869
3648 0.840012404874
3481 0.84000217939
3978 0.839998849887
3394 0.839987894502
3764 0.839968785155
4059 0.839920679901
4066 0.839913116667
2831 0.839903783018
3040 0.839878152378
1378 0.839848851386
142 0.839765407138
918 0.83967367545
2608 0.839594457619
892 0.839498763718
1338 0.839467404787
2056 0.839449880221
4292 0.839328964392
1335 0.839204936001
1285 0.839145929474
1136 0.839128469906
3569 0.839115433459
2679 0.839109311522
3107 0.839108941619
3669 0.839104889117
4334 0.839095349789
248 0.839043573
2845 0.838974690887
991 0.838866785058
3170 0.838857462052
3941 0.838795428339
2526 0.838778025991
4131 0.838703933563
2685 0.838678849314
4746 0.838664841879
1192 0.838615981727
3737 0.83860032418
77 0.838271723299
344 0.838258634711
214 0.838081291806
4786 0.838072438436
2011 0.83805662528
623 0.837986641038
4113 0.837973650084
4635 0.837958589635
1038 0.837928161781
2236 0.837928161781
2191 0.837875711991
2624 0.837848800894
675 0.837700214937
1111 0.837647034212
2548 0.83751877969
2198 0.837518248455
885 0.837471443505
487 0.837432152542
1993 0.837308486888
4106 0.837294691693
2687 0.837231948014
2051 0.837212675616
4179 0.837191470466
4488 0.837159659946
2214 0.837131771873
4817 0.837043060772
2386 0.836946274206
4806 0.836889483901
442 0.836819160394
2024 0.83674785165
4152 0.836617068374
3220 0.836607573355
354 0.836498071557
2957 0.836446407931
2076 0.836435017856
624 0.836409325333
3291 0.83637901979
1834 0.836372532062
2684 0.836310474126
2996 0.836289026798
4168 0.836031676811
3193 0.835983175234
1124 0.835828840371
4749 0.83576704975
1582 0.835548806391
2449 0.835480445016
2201 0.835338345278
109 0.835323396866
4719 0.835315777391
3835 0.835315630527
4679 0.835260423436
2523 0.835213450197
2489 0.835102006416
4674 0.835009187992
3702 0.834982248314
4379 0.834865139711
3185 0.834818064514
627 0.834808085283
894 0.834750386848
3829 0.834706171945
2688 0.834615138693
4589 0.834506155575
2488 0.834446284322
4690 0.834408979066
2447 0.834395576572
2407 0.834321360156
338 0.834320072858
4741 0.834227669425
3783 0.834180233952
1599 0.834129415429
3949 0.83400760338
324 0.833918186105
4043 0.83389537374
1909 0.833754146004
2047 0.833707765127
1182 0.833677951811
2066 0.833652206441
3752 0.833508289932
2755 0.83346286448
2368 0.833430337488
1536 0.833411543599
25 0.833366239367
3214 0.833271340101
3100 0.833182139248
1617 0.833058433637
53 0.833052728877
4685 0.833034068762
1377 0.833023357822
120 0.832976171527
4230 0.832915691804
4596 0.832880374105
2477 0.832836395184
4259 0.832835457066
1616 0.832813665174
652 0.832775527309
44 0.832618866936
1126 0.832521828658
587 0.832484757038
648 0.832412624395
3856 0.832201495076
1408 0.832158785434
4748 0.832086539792
3812 0.831996334739
3242 0.831924921711
537 0.831888415338
2455 0.831700416693
3995 0.831664015757
1037 0.831579278126
2077 0.831561846306
4461 0.831544391205
1438 0.831459086045
1587 0.831371765918
4210 0.831317485011
1910 0.831230582353
3369 0.831167262075
297 0.831121065004
4213 0.831116757199
3473 0.831107201873
4692 0.831083341088
2383 0.831045116453
102 0.830960179092
1550 0.830768405066
3971 0.830744350239
3985 0.830593214107
2643 0.830453536898
1768 0.830429648261
4284 0.830326973997
3452 0.83032035985
2034 0.830307773279
1161 0.830291282374
1980 0.830140416378
4350 0.830055724708
1873 0.82973811939
2359 0.82965484155
2503 0.829630764192
3345 0.829539949239
263 0.829449381824
3142 0.829382354989
511 0.829329486071
4025 0.829329486071
4484 0.829329486071
1209 0.829271041795
3277 0.829258302208
2113 0.829144780275
4033 0.828970773363
4117 0.828948669171
3770 0.828817900743
2364 0.828739163339
3048 0.828658982188
4684 0.828576489082
2193 0.828472774901
474 0.828452682675
2118 0.828402727039
129 0.828379354449
4753 0.828297729662
3239 0.828190081969
2902 0.828080557793
3183 0.828073259987
4046 0.828026682459
1379 0.828022174489
4604 0.827925223389
3282 0.827674956776
3202 0.827568522327
2327 0.827497731974
3160 0.827363109715
3363 0.827198399246
1311 0.827116511224
4138 0.827059321769
4649 0.826767314676
4479 0.826634681718
684 0.826527123132
1519 0.826458359334
3221 0.82644040045
2454 0.826132177724
3198 0.826108384008
3215 0.826101039181
3614 0.826070265136
1400 0.825959089531
1561 0.825925863654
4266 0.825885880326
1171 0.825723363447
3720 0.825692440647
2802 0.825673475517
1605 0.825647360556
4267 0.825441601084
3744 0.825423817494
922 0.824916619883
2529 0.824534603773
462 0.824425501372
3037 0.824277592492
3769 0.824172398165
4058 0.824120183608
943 0.824112051959
1949 0.823950428623
346 0.8239274193
2462 0.823714184921
1850 0.823538269876
1951 0.823538269876
4258 0.823267782325
802 0.823204459676
3487 0.823170903078
4547 0.823096605588
854 0.822924285217
782 0.822826695469
3788 0.822803670154
3538 0.822756678539
2676 0.822731396359
2362 0.822726870283
2379 0.822531954025
3131 0.822500030251
1911 0.822489695299
1290 0.822383384448
4296 0.82235979198
598 0.82230387455
4668 0.822254411617
3718 0.822165792461
936 0.822108247727
4737 0.821907862715
1206 0.821538515148
3489 0.821519914298
2250 0.821440495957
1152 0.821219107844
3176 0.821212515132
3710 0.820958226731
3292 0.820904501884
4474 0.82088269077
4187 0.82086830998
1484 0.820853074187
4752 0.82083164413
2849 0.820723393681
2623 0.820489674848
1602 0.820459100657
4351 0.820239956157
3388 0.820143958511
1957 0.820127776398
2456 0.820119554166
1746 0.819935176512
2004 0.819931371603
1380 0.819869849355
761 0.819868803202
3681 0.81976905499
4605 0.819531184648
2269 0.819321008813
3065 0.819257072256
452 0.819242785379
2282 0.819218205583
2324 0.819122688623
168 0.819085219935
3865 0.819047453318
2173 0.819026147774
4325 0.818959907367
4813 0.818926561433
327 0.8189207335
3928 0.818728266321
3236 0.81862497463
4270 0.818061191046
3822 0.817982833445
2738 0.817971690746
1856 0.817944657174
1803 0.817732325546
1390 0.817618303125
4032 0.817520359407
2759 0.817508801499
3253 0.817479469461
841 0.817344539465
4404 0.817250460362
443 0.816986981341
4724 0.81698066225
2266 0.816967081364
2976 0.816845932756
1743 0.816793719664
230 0.816409124407
985 0.816272688403
4691 0.816068021312
2784 0.815718768969
1866 0.815640718776
1509 0.815593699517
149 0.81541027097
421 0.815277686791
1146 0.815012753279
3066 0.814809552342
3703 0.814651309574
3330 0.814565608896
4013 0.814384731536
89 0.813973695556
216 0.813880700813
1023 0.813850994633
4355 0.813824982016
1449 0.813806832422
2085 0.813794643109
345 0.813480435732
1471 0.813455764466
3890 0.81330690987
4357 0.81324990766
3271 0.81311714182
3904 0.812959849919
2944 0.812952889647
2650 0.81284395442
4812 0.812773171104
2909 0.812639635272
177 0.812194452366
2908 0.812126961376
303 0.812011271325
1249 0.811747624368
4716 0.811747624368
602 0.811745477889
949 0.811693918829
3656 0.811548301518
1414 0.811492378981
2143 0.811460937334
158 0.811388644746
3225 0.81079394238
2483 0.810538049491
116 0.810222255335
333 0.810222255335
339 0.810222255335
396 0.810222255335
497 0.810222255335
661 0.810222255335
718 0.810222255335
760 0.810222255335
797 0.810222255335
853 0.810222255335
1074 0.810222255335
1155 0.810222255335
1340 0.810222255335
1398 0.810222255335
1433 0.810222255335
1456 0.810222255335
1477 0.810222255335
1566 0.810222255335
1740 0.810222255335
1799 0.810222255335
1991 0.810222255335
2084 0.810222255335
2112 0.810222255335
2150 0.810222255335
2212 0.810222255335
2406 0.810222255335
2717 0.810222255335
2774 0.810222255335
2830 0.810222255335
3031 0.810222255335
3045 0.810222255335
3230 0.810222255335
3449 0.810222255335
3475 0.810222255335
3496 0.810222255335
3676 0.810222255335
3966 0.810222255335
4002 0.810222255335
4104 0.810222255335
4229 0.810222255335
4252 0.810222255335
4384 0.810222255335
4449 0.810222255335
4544 0.810222255335
4622 0.810222255335
4671 0.810222255335
4775 0.810222255335
4783 0.810222255335
4800 0.810222255335
3283 0.810212516369
1176 0.810063567286
258 0.809670542882
414 0.809648951483
114 0.809582296411
3709 0.809403421895
4557 0.809379904278
1552 0.809340025555
88 0.809336819052
1753 0.809295239385
1229 0.809191743898
315 0.80914017523
448 0.809049113138
3951 0.80895712886
1821 0.808942890436
1828 0.808919916399
2289 0.808890465875
235 0.8088830367
4594 0.808660889035
2195 0.808610085538
2720 0.80843084549
1463 0.808263396268
1671 0.808211050034
2857 0.808083073692
3299 0.807977991838
1608 0.807970997215
4543 0.807957820271
1070 0.807806587835
1504 0.807791826663
4725 0.807624049399
2767 0.807525580831
91 0.807490504709
4227 0.80704329157
3460 0.807032896356
2337 0.806967379098
4718 0.806771298311
1076 0.806334766561
1546 0.805727104804
4818 0.80546648104
1613 0.80516525541
340 0.804685254747
3057 0.803608476245
3707 0.803512712671
2958 0.803379696254
2590 0.803139656699
3930 0.803080818272
3929 0.802929070151
677 0.802827748687
4333 0.802701522629
3309 0.802324749126
828 0.802212147962
1017 0.802006770102
4661 0.801892254966
2013 0.801779431659
2528 0.801779431659
2827 0.801779431659
2961 0.801745531723
733 0.801466334962
2055 0.801424541524
2780 0.801186501691
658 0.801168497937
90 0.800924018156
2254 0.800773668871
3084 0.800560653752
2835 0.800552637982
1640 0.80044824512
262 0.800397093898
2512 0.800120108509
1198 0.7999857459
927 0.799543396828
4315 0.799334712053
2332 0.798956169892
3109 0.798943694813
4365 0.798608163479
31 0.7981284478
121 0.7981284478
192 0.7981284478
240 0.7981284478
337 0.7981284478
605 0.7981284478
793 0.7981284478
948 0.7981284478
1308 0.7981284478
1428 0.7981284478
1514 0.7981284478
1730 0.7981284478
1956 0.7981284478
2160 0.7981284478
2353 0.7981284478
2517 0.7981284478
2675 0.7981284478
2742 0.7981284478
2979 0.7981284478
3216 0.7981284478
3397 0.7981284478
3613 0.7981284478
3767 0.7981284478
4007 0.7981284478
4265 0.7981284478
4472 0.7981284478
4621 0.7981284478
4688 0.7981284478
4736 0.7981284478
4784 0.7981284478
1066 0.798014756134
1804 0.797920718312
1871 0.797910647778
3887 0.797789410331
3880 0.797625226443
871 0.797586029284
3708 0.796554802746
1086 0.796529349514
4373 0.796267456423
893 0.796051187884
4712 0.795693811776
724 0.795682344508
3293 0.795565733235
4191 0.795325948507
1634 0.7952548936
883 0.79510174964
467 0.794977376993
3621 0.794849894561
1430 0.7941972507
3750 0.794076920399
3052 0.794041358596
1610 0.793817837464
1756 0.793531266245
1507 0.793478649917
907 0.793464586691
3875 0.793240331577
257 0.793222882174
672 0.793020400184
429 0.792741922433
2044 0.79243442454
1104 0.792412518719
3308 0.792405072553
4444 0.792336411523
1772 0.792316991642
4710 0.791544078437
3719 0.79107382935
4391 0.791064873206
3398 0.79099400977
1336 0.790960500213
4101 0.790923488464
471 0.79069992154
1875 0.790640977854
2171 0.790640977854
2264 0.790578081978
1785 0.790477663895
3959 0.790337646477
2910 0.790155236918
15 0.789720923934
493 0.789291639256
1396 0.788681785076
1940 0.788625640919
411 0.788609022561
1505 0.788553368965
1941 0.788453294477
2184 0.78839025108
1611 0.788354092457
1648 0.788263516375
4551 0.788079588582
2965 0.787877077429
3476 0.7878121035
3367 0.787706779927
3651 0.787253915405
475 0.787117807194
799 0.787009586607
4697 0.786467146116
4514 0.786374933819
259 0.786005567021
2552 0.78591337982
4342 0.785264625612
2226 0.784929299401
2555 0.784863365509
2398 0.784760546781
3639 0.784571037243
363 0.784424574468
510 0.782483457136
342 0.782348789842
1946 0.78203603901
667 0.781933381944
4200 0.781837952068
590 0.781711449998
3955 0.781571332809
2626 0.781519248203
1944 0.780970279132
4142 0.780805211701
3368 0.780492388438
3653 0.780464408689
3918 0.779842127324
847 0.77979810558
1801 0.779710626776
774 0.779706877752
3700 0.779671233239
3916 0.779576877411
3233 0.779561702677
3973 0.779099239092
4378 0.778454453581
3899 0.777490079977
879 0.777394379355
1794 0.777092489109
4657 0.776970794001
323 0.776488170309
2809 0.776451968711
1900 0.776340164366
2938 0.776287454936
132 0.776194390968
4456 0.776079461536
2541 0.775959816374
2536 0.775673282973
307 0.775587205329
319 0.775291371037
1937 0.77480839044
4181 0.774633158556
2385 0.774600799636
2697 0.774548484463
1787 0.77444602262
4619 0.774425762304
2822 0.773983694591
3733 0.773881441127
3162 0.773573754437
3884 0.773173410564
606 0.773083286712
2049 0.772366548481
3926 0.772083216863
1232 0.772061433397
2522 0.771549880261
4475 0.770225312324
2320 0.769654468796
1971 0.769490213869
397 0.769438067735
4198 0.76851445418
662 0.768474586011
255 0.76818763041
977 0.768126229254
1897 0.767568185664
1243 0.767533107161
2663 0.767098199896
380 0.767040557724
3403 0.766969202345
200 0.766746122571
212 0.76673533187
1445 0.766462970649
863 0.766394680144
182 0.766387021005
2340 0.766249360125
2335 0.765707717
4425 0.764741407125
2400 0.764456891235
2119 0.764323226092
1889 0.76365572437
1738 0.763363127765
27 0.762716960956
3405 0.762577176398
2680 0.762523464252
4801 0.762188018678
1148 0.761951662457
2354 0.761876954302
2276 0.761656975359
2031 0.761602140583
309 0.761199466871
4360 0.761112799442
3757 0.760767525145
2798 0.759827294362
764 0.759534920561
2065 0.758943091093
28 0.7585479284
3298 0.758463820078
4468 0.757945500938
174 0.757897563299
3774 0.75786473453
3373 0.757762726828
4650 0.757176205946
3259 0.757034955689
4536 0.756410971623
4790 0.754761157403
2167 0.753244572978
2372 0.749049201224
1173 0.747745216744
3654 0.741900590035
46 0.741116993791
2677 0.728758311794
