4572 0.929543951681
1095 0.929525175825
3510 0.929097207426
573 0.929043835637
22 0.928936794384
3522 0.928836962499
1823 0.928761820878
1825 0.928615199266
3501 0.928598309296
1372 0.928436780818
4592 0.92830069764
2783 0.928251399833
3503 0.928089277645
244 0.928083285309
3523 0.928078444138
3888 0.928059389542
2303 0.928012124027
939 0.928010836651
3518 0.927971667512
2582 0.927948567759
940 0.927932650913
1835 0.927890651796
2218 0.927860899376
3891 0.927809502569
1822 0.927801421015
702 0.927797636928
3895 0.927784743239
1837 0.927718508638
4178 0.927711938979
3080 0.927676447478
79 0.927648827995
1355 0.927645800132
2336 0.927595380756
1366 0.927572954467
2295 0.927547691872
1836 0.92754595534
2570 0.927534433548
3889 0.927509113246
2648 0.927373287671
2099 0.927359831616
3892 0.92735151081
3728 0.927338745443
4218 0.927302844044
4577 0.92728733903
814 0.927286077462
1107 0.92723037898
1839 0.927166429707
1668 0.927149705336
1098 0.927131281745
2856 0.927027088479
4481 0.927003778836
3530 0.926985749659
800 0.926971152168
1131 0.926937990295
1667 0.926911870373
1370 0.92690689014
679 0.926906440505
2581 0.926893829178
4576 0.926888670143
2903 0.926848868108
2352 0.92682352585
3124 0.926778264508
3074 0.926753451626
4175 0.926702221446
1538 0.926702020236
4162 0.92664932824
2577 0.926628415749
6 0.926550775278
1087 0.926545855526
3502 0.926454877728
1356 0.926449460431
689 0.926397761629
3504 0.926389845559
2585 0.926385030824
3110 0.926357852976
3521 0.926325217086
2302 0.926235859116
1518 0.926227911155
2370 0.926223325632
1301 0.926212872171
4 0.926204424999
3527 0.926203761211
690 0.926201337094
697 0.926184237529
3894 0.926182160153
1678 0.926167343019
1088 0.926153802121
12 0.926121949347
4616 0.92609647218
1129 0.926068572165
4217 0.926051170598
1300 0.926040525222
2819 0.926016230323
2584 0.925976606125
2713 0.925955324766
1606 0.925935057057
96 0.925934049897
1657 0.925930913119
226 0.925920288623
3524 0.925881941609
4578 0.925870654089
101 0.925869935146
1094 0.925856605847
2579 0.925853874412
3068 0.925833155315
691 0.925807549153
3898 0.925798827224
4588 0.925782881454
2187 0.925777533014
2485 0.925742304502
2604 0.925735388862
3079 0.925717445813
1059 0.925714622736
1282 0.925632686012
1143 0.925596189467
801 0.925590250805
3082 0.925546273996
1826 0.925544013509
4482 0.925541421345
3516 0.925524738587
692 0.925519551205
576 0.925515357117
2593 0.92549988599
2251 0.925497295785
1072 0.925493171009
4177 0.925486022618
3105 0.925473067456
4147 0.925458902526
2569 0.925457059778
2345 0.925448482915
693 0.925416975587
1102 0.925407963787
245 0.925396489067
2714 0.925378259533
2392 0.925345825746
1357 0.925329861322
682 0.925325279518
1469 0.925321810621
273 0.925319443506
2605 0.925299816133
4165 0.925274691735
4574 0.925274255087
2813 0.925250439419
2521 0.925210862025
3005 0.925206819865
3076 0.92520273939
3099 0.925200846632
2492 0.925195735916
1144 0.925192843616
488 0.92516479819
3915 0.925163914405
145 0.925131196651
4587 0.925129630352
1138 0.925039042534
2834 0.925011564308
285 0.924971845935
2181 0.924965133281
3583 0.924911192773
2764 0.924909764941
1987 0.924909456429
2869 0.924908097132
3075 0.924897514459
3353 0.924864107069
1544 0.924861199437
4301 0.924843783682
3512 0.924842368345
440 0.924841174492
1404 0.924834141809
2599 0.924805963019
1453 0.924791360881
1403 0.92476846258
2121 0.924756201274
3509 0.924744515046
1665 0.924739220008
1844 0.924735954098
4563 0.924705799379
9 0.924688414069
1888 0.924682495956
2628 0.92468000546
3465 0.924663651257
453 0.92465272032
1363 0.924643520845
4345 0.924627806513
1262 0.924606342423
1283 0.924600929134
3069 0.924595916481
2347 0.924583042844
571 0.924574341225
2639 0.924565414545
1833 0.924550376901
2587 0.924548464328
2123 0.924530861832
2638 0.924523368093
1041 0.924517769796
2646 0.924507890396
2510 0.924506518065
1281 0.924500613511
920 0.924497884003
911 0.924482393937
3106 0.924460429427
1069 0.924451300357
4215 0.924440278179
2699 0.924429768475
2662 0.924394052844
1864 0.92438683719
3159 0.924385005856
2042 0.924373803263
1275 0.924370994471
2567 0.924365799392
1058 0.924359061616
2781 0.924347857639
2102 0.924345479364
759 0.924337516854
1364 0.924322291255
3937 0.924312625274
4216 0.924306978577
2152 0.924281256913
2649 0.924277465298
1323 0.924268398246
1646 0.924261128881
1065 0.924260561753
1055 0.924259790013
1297 0.924247455101
4159 0.924238499806
2704 0.92423180872
222 0.924198234878
3285 0.924198231958
913 0.924192999859
3586 0.924184451463
1360 0.924176690867
3319 0.924173942131
568 0.924158590279
2698 0.924142645856
4642 0.92413883409
3525 0.924131869361
282 0.924129108376
1702 0.924127092301
2256 0.924112327373
281 0.924108713487
4338 0.924084049916
2833 0.924083653792
1832 0.924079043927
2549 0.924075992977
1267 0.924072343552
1118 0.924052832948
3634 0.924052492999
3542 0.924042070991
884 0.924001496046
2749 0.923989225264
3896 0.923988672
3944 0.923956196926
2154 0.92395557707
1106 0.923952077027
611 0.923928054358
473 0.923926096459
1406 0.923911654367
2294 0.923872779063
3724 0.923840223153
2597 0.923827958844
39 0.92382763327
2296 0.923826711674
4001 0.923822385454
1036 0.923803874586
909 0.923766197442
1865 0.923755826094
1089 0.923754854706
705 0.923754206024
3897 0.923746728576
3414 0.923745886171
2601 0.923722245366
4773 0.923708395795
334 0.923707616535
4483 0.923698258247
4570 0.923697738452
445 0.923674335542
1569 0.923670006099
2583 0.923664615952
1048 0.923664567516
1362 0.92366117637
3073 0.923655785247
4243 0.923644207744
2318 0.923640258125
577 0.923625730995
3054 0.923623849112
3610 0.923612948627
2434 0.92360890039
2586 0.923605330384
3727 0.923597845525
124 0.923597460443
1090 0.923596812118
2603 0.923595857093
1097 0.923575202326
1160 0.923573450024
2371 0.92356086477
4575 0.923554441755
858 0.923546812064
1374 0.923534779221
4127 0.923527292704
3077 0.923522523443
2257 0.923514254053
2596 0.923512280028
2992 0.92350944289
1827 0.923508273297
1096 0.923507045772
449 0.92349000976
2002 0.923482225363
1666 0.923472106621
1375 0.923467962339
2668 0.923464081694
758 0.923442359967
1337 0.923432335884
2616 0.92342546751
4613 0.923419788649
1596 0.923393792605
2578 0.923392019132
3064 0.92338972951
3420 0.923374967929
549 0.923370567205
40 0.923323709086
4163 0.923312671461
3883 0.923310479488
1604 0.923294964195
1082 0.923282493005
3083 0.923269327974
4273 0.923265575526
4176 0.923252265311
1686 0.923240511382
902 0.923237028181
2993 0.923232011916
2573 0.923230802406
246 0.923220955931
1475 0.923217520926
3018 0.923200384385
1063 0.923196970758
1348 0.923193184921
2255 0.92319047298
2832 0.923159230975
3493 0.923158014945
2647 0.923153266748
2252 0.923141536824
3153 0.923140622149
1350 0.923128300583
1407 0.923125734548
4312 0.923123046138
1235 0.923104189967
3962 0.923099109055
3640 0.923095812725
3698 0.923095532155
2818 0.923089854173
763 0.923087822617
2606 0.923087327351
4288 0.92308501408
701 0.923083616888
1092 0.923083585417
3642 0.923063097681
3745 0.923062613051
13 0.923060546651
2108 0.923051792599
2111 0.923042542947
678 0.923034289612
4317 0.923029144937
1115 0.923012795919
1883 0.922997686133
822 0.922996805229
1371 0.922996105509
2126 0.922972174863
4302 0.922964968211
742 0.922960596696
95 0.922958652745
2304 0.922945073856
1224 0.9229334582
1421 0.922931095636
625 0.922922402739
2642 0.922919003311
3419 0.922912446027
912 0.922902638172
1809 0.922889513902
4151 0.922873627298
2159 0.92285402899
1256 0.922805549371
1598 0.922789222825
470 0.922784631379
3939 0.922781646999
2657 0.922773263816
1988 0.922769254458
1679 0.922699571744
2240 0.922698661544
4564 0.922695465905
4565 0.92267565526
1276 0.922654395144
1716 0.922643887453
4135 0.922641727247
3870 0.92263655821
3151 0.922606157267
3945 0.922596008473
4303 0.922594387446
821 0.922591608064
2237 0.922590109999
3425 0.922588871234
1713 0.922587507841
3515 0.922586258445
1884 0.922585494367
2588 0.922584036707
3152 0.922565321365
2640 0.922562078823
901 0.922554520333
23 0.922551120083
5 0.922534313783
3908 0.922532676787
4150 0.922526003704
1234 0.922504182488
806 0.92250243765
1050 0.922500817554
1101 0.922489321436
2305 0.922488560153
3607 0.922483335631
4774 0.922482659325
1103 0.922478391829
2127 0.922460612401
2182 0.922460599748
823 0.922458295246
1083 0.922454445374
1468 0.922447863747
673 0.92244709427
2469 0.922432599678
76 0.922402506055
3417 0.922401487665
2565 0.922395005445
2391 0.922385744964
2174 0.922385167034
4311 0.922384134727
1044 0.922368083798
455 0.922352577793
430 0.922346697616
686 0.922339459584
4573 0.922337705155
479 0.922331221964
4208 0.922328030002
2748 0.922318707156
2440 0.922315653254
813 0.922300658686
1707 0.922298957883
2867 0.922295439539
643 0.922286788899
707 0.922281662437
491 0.922277654966
1517 0.922276944854
2313 0.922272769937
1078 0.922271773075
1806 0.922262761248
2620 0.922261339158
4109 0.922234553808
2712 0.922232152805
1852 0.922221912164
3735 0.922214390604
1887 0.922212036372
3855 0.922211891084
2339 0.922208546428
983 0.922203422464
3943 0.922197840322
1305 0.922169134293
436 0.92211582333
2666 0.9221023881
128 0.922085022597
2342 0.922066657591
3498 0.92204491574
3114 0.922042347542
4123 0.922032946799
4300 0.922031387249
3979 0.922030665285
3500 0.922028777075
2921 0.922013356537
4125 0.922008953109
4149 0.922007106565
3686 0.92199696818
809 0.921994357979
2498 0.921988161728
399 0.921987860085
4803 0.921987574531
4098 0.921978546243
750 0.921966376182
1258 0.92192994327
2474 0.921921109347
4173 0.921911650084
1422 0.921903787549
3541 0.921902449827
231 0.921897590997
3608 0.92189373918
1079 0.921892830611
700 0.921882882794
3062 0.921880857042
2311 0.92186640486
4346 0.921857515475
3483 0.921856871626
2225 0.921832560581
4132 0.921831296481
4140 0.921828640228
3429 0.921824126662
1266 0.921816510978
131 0.921809034102
1142 0.921807019018
4467 0.921797199302
789 0.921795618217
2820 0.921785058819
2298 0.921776103752
1113 0.921772274397
4389 0.921764561916
4337 0.921747044287
776 0.921728048961
2382 0.92172381811
432 0.921716063979
107 0.921715068515
468 0.921714594895
3488 0.921712828016
1274 0.921705310541
4579 0.92170012028
71 0.921697275865
3612 0.921695384047
137 0.921686198095
2071 0.921668132749
3372 0.921667047881
3647 0.921658919267
3030 0.921650528101
1100 0.921629436446
1677 0.921627001408
2348 0.921608554823
388 0.921607446165
3546 0.921606985404
695 0.921603686029
3534 0.921600876478
1444 0.92159860389
3555 0.921589543193
1021 0.92157147241
3400 0.92156717806
1841 0.921563474244
2613 0.921555751984
2667 0.92154890996
1712 0.92151959436
2702 0.921484496195
162 0.921480906183
2591 0.921479108144
804 0.921468392267
2559 0.921465780534
3932 0.92143370592
70 0.921430526295
4310 0.921427560977
1190 0.921426276038
4571 0.92141895998
1175 0.921408433895
2930 0.921404925822
140 0.92139435458
2475 0.921385768148
910 0.921371738032
3108 0.921365537473
391 0.921364878444
2472 0.921357103124
224 0.921356388523
2279 0.92135633457
4225 0.921351370439
860 0.92133744144
1733 0.921335122887
4597 0.921305835956
2453 0.921297603611
1053 0.921294488101
2636 0.92129282002
1269 0.921291848054
2782 0.921290487052
3056 0.921268633932
2075 0.921256369819
48 0.921241704172
1068 0.921239111601
3300 0.921237625827
2736 0.921208751161
3529 0.921206007438
1191 0.921201826311
2346 0.92119008032
3125 0.921174083621
2205 0.921164623619
1532 0.921162506052
1824 0.92115415641
2558 0.92114826873
3585 0.92114490705
2973 0.921127433374
2924 0.92112498259
404 0.921113666961
1054 0.921112242602
4160 0.921102697945
3343 0.921097310225
157 0.921088192675
1870 0.921082814505
3693 0.921059659365
4110 0.921056564555
165 0.921055585694
908 0.921054899861
3699 0.92105034644
1664 0.921046162947
2615 0.921045722268
703 0.921035551836
1073 0.921023678252
2467 0.921019506517
767 0.921016394911
3490 0.921015875743
3690 0.921014763874
1043 0.921010972665
1647 0.921008454534
4306 0.92096756385
862 0.920967552792
744 0.920961391886
2273 0.920959168067
489 0.920956615388
4272 0.920953746362
1638 0.92093967952
146 0.920931453742
3051 0.920930362136
4804 0.920914114692
1207 0.920908600996
3155 0.920890019189
3981 0.920888938708
2622 0.920886491117
2799 0.920879425539
2520 0.920875824164
699 0.920875564729
4318 0.920837958692
2612 0.92082469074
389 0.920817834467
1064 0.920796970907
1513 0.92077375129
3286 0.920769678385
4214 0.920758594731
3635 0.920751033692
2431 0.920739687903
82 0.920734697214
1081 0.920734416982
1062 0.92071092257
357 0.920685091207
1853 0.920683463072
3336 0.920677187159
1645 0.920669456082
3554 0.920657557198
4368 0.920656427827
209 0.920649845009
269 0.920648507173
1020 0.920645208497
3544 0.920643320324
2895 0.920640300981
3806 0.920629259792
4638 0.920625896477
4347 0.920624590003
4244 0.920622677634
2494 0.920615879857
2765 0.920613947867
3638 0.920603799971
1584 0.920601029148
671 0.92059241848
4153 0.920590798894
1938 0.920570062953
3611 0.920569181988
726 0.920567536414
105 0.920537925935
683 0.920530776009
3598 0.920519209811
1563 0.920517592629
2572 0.920516029581
618 0.92050966014
929 0.920505503086
3344 0.92050333361
3948 0.920497504463
928 0.920491100159
3872 0.920488938596
14 0.920466676645
496 0.920466640518
3402 0.920464811731
78 0.92046437698
4632 0.920459815267
1061 0.920454879838
2824 0.920452675201
2012 0.920451318614
3977 0.920447551532
2989 0.920438439417
2487 0.920436280883
864 0.920425936185
1687 0.920416432865
2459 0.920413981177
4398 0.920413196975
3385 0.92039586316
651 0.920394693415
1180 0.920387218088
1974 0.920384381194
1973 0.92037447449
3326 0.920332453623
2630 0.920328321681
1264 0.920303427704
3590 0.920293282905
144 0.920291992033
4681 0.920289869138
4377 0.920289614781
1800 0.920287815444
3545 0.920281353042
4629 0.920279636995
4756 0.920279035343
2027 0.920267439345
942 0.920255428138
2735 0.920249479578
1238 0.920234230262
2207 0.920230954795
3689 0.920228717401
97 0.920219861209
2505 0.920211969395
94 0.920200968325
166 0.920190411883
4308 0.920188928395
3072 0.920183650542
3667 0.920182902808
1393 0.920179115694
1181 0.920171066265
1196 0.920170279901
1028 0.920160037883
1578 0.920159809181
371 0.920159325376
2183 0.920158442057
3387 0.920135467476
1842 0.920134809753
4799 0.920118533089
2794 0.920096742254
4348 0.920082240479
1959 0.920081307417
2862 0.920080010877
2253 0.920078085973
1159 0.920060135129
4158 0.920054446393
1080 0.920049322782
1476 0.920047013759
4585 0.92004137646
1233 0.920023370383
2003 0.920021985785
3086 0.920021020819
790 0.920018465761
2025 0.920005882099
1277 0.919998925589
100 0.919998596391
3004 0.919994785918
3089 0.919986899652
792 0.919986880736
2072 0.919986780956
641 0.919975598574
395 0.919962995817
438 0.919954696451
3511 0.919947935696
3095 0.919945050965
3536 0.919940407436
454 0.919938226204
2737 0.919932567546
4397 0.919931393338
2711 0.919928757859
1325 0.919927791981
1278 0.919926186289
4755 0.919925825896
1662 0.919924343884
727 0.919922349
2377 0.919910478682
2045 0.919887009505
3447 0.91988263615
321 0.919877948839
1510 0.919875929565
973 0.919868085361
3338 0.919854539588
3491 0.919840445195
2157 0.919818689532
3478 0.919818621457
2874 0.919814688425
1284 0.919810979031
274 0.919801898191
2670 0.919782513251
2661 0.919763202933
729 0.919757474695
405 0.919752630387
2595 0.919737256269
3413 0.919736179331
3811 0.91972785462
2917 0.919727466563
3492 0.919724874341
773 0.91972469459
3464 0.919718732928
2247 0.91968828304
599 0.919679482642
3980 0.919666830621
490 0.919663669206
1969 0.919648874134
805 0.919648698745
2627 0.919633332587
252 0.919627467345
2272 0.919619661435
746 0.919610837425
1579 0.919579664815
1541 0.919574727981
570 0.91957321876
3789 0.919562374291
825 0.919562096605
2920 0.919560730333
2651 0.919558428234
2468 0.919549622865
205 0.91954264429
3027 0.919542253543
4581 0.919541118811
1084 0.919528178502
4383 0.919520538102
755 0.919492304562
3087 0.919483364837
3873 0.919477630383
3694 0.919477135946
3001 0.919474544189
1178 0.919472646291
2660 0.919466163037
3772 0.919462334713
2948 0.919460246556
1185 0.919458326972
2451 0.919457725049
2096 0.919457278231
3695 0.919452357993
2235 0.919441578882
3825 0.91944010739
1222 0.919435648232
4307 0.919431380196
4100 0.919429041621
1670 0.919420854704
2811 0.919420521818
1659 0.919416410737
3589 0.919401419873
4241 0.919400986515
4319 0.919395938465
4655 0.919392929727
1506 0.91939153103
4420 0.919387654307
3101 0.91936655759
4396 0.91936174989
2793 0.91935332399
2594 0.919335544928
3876 0.919324497525
1714 0.919315250114
3539 0.919308095305
650 0.919295790576
3804 0.919295364961
2458 0.919295182906
3224 0.919292684184
1369 0.919288948561
277 0.919282857091
2499 0.919281888087
332 0.919260878825
122 0.9192558407
1597 0.919254141301
2770 0.919244887017
3645 0.919244007672
4407 0.919238515396
745 0.919234998855
3864 0.919232951468
4097 0.919229556254
280 0.919222141894
4382 0.919218740786
4386 0.919212945257
3016 0.919196070803
4810 0.919195237652
3826 0.919193236524
1060 0.919183817833
1067 0.919166766482
1394 0.919164404416
2719 0.919154741198
3766 0.919154052411
4121 0.919153762782
2542 0.919150853106
4653 0.919136740078
50 0.919129420277
1539 0.919116783199
3006 0.9191034311
1424 0.919087258958
4005 0.919085208877
11 0.919081283309
1429 0.919081006295
1035 0.919071227748
1886 0.919070103956
698 0.91906250248
1361 0.919057345184
1593 0.919056516681
3627 0.919054445574
657 0.919045523021
359 0.919038297002
1643 0.919027584573
439 0.919011242033
572 0.919002553203
458 0.919000451219
416 0.919000402234
1760 0.918995030393
213 0.918991314248
279 0.918990256651
130 0.918987447056
830 0.918980193699
2146 0.918968820494
1134 0.918967735129
4154 0.918966119725
3169 0.918966044564
2589 0.918957712986
1947 0.918956949659
4282 0.918955093795
3636 0.918949275572
2100 0.918930089543
921 0.918927184127
1703 0.918926896206
3893 0.918920190386
519 0.918916222742
2170 0.918916003631
2110 0.918914332888
466 0.918913974909
2367 0.918907346403
2476 0.918897168205
32 0.918891427153
1010 0.918880634524
1077 0.918878668992
1976 0.918872847512
4669 0.918870609614
1595 0.91883939324
343 0.91882506552
2858 0.918822472745
3207 0.918821104152
4600 0.918819711333
2323 0.918810539005
276 0.918802177511
961 0.918795804288
367 0.918791826666
1726 0.918788684818
236 0.918780685715
2441 0.918778383177
1373 0.918774014063
2369 0.918772925011
4316 0.918770039668
2814 0.918764404897
4128 0.918757916632
2744 0.918756573987
635 0.918745075521
4372 0.918743207169
4580 0.918730390238
4460 0.918729070457
1019 0.918723801865
3262 0.918721715073
4137 0.918707279174
4586 0.918697791061
1223 0.918690716188
1201 0.918690255394
1767 0.918685063843
352 0.918683108685
980 0.918677890496
394 0.918676256916
4366 0.918673854742
2229 0.91867073868
1240 0.918669334782
2557 0.91865528391
408 0.918654691729
3281 0.91865407888
2185 0.918652320916
2564 0.918638757705
2496 0.918633633363
596 0.918630779795
2861 0.918628651774
2575 0.918627535832
2983 0.918615377641
768 0.918606172144
4055 0.918605230958
1831 0.918593208164
2919 0.918590680446
4568 0.91858333481
4183 0.918581592055
4707 0.918578638391
3009 0.918564830749
3747 0.918564077492
4297 0.918559326239
3650 0.91855161781
637 0.91854964412
3138 0.91854498802
3882 0.918543038482
49 0.918528023313
696 0.918521089974
159 0.918511835662
7 0.918511180437
1213 0.918510791241
2716 0.91850380412
1467 0.918495267747
3104 0.918493317623
2970 0.918488737256
610 0.918484466946
2875 0.918481469856
434 0.918474732287
4584 0.918463906048
3206 0.918459028908
3365 0.918456196685
4249 0.918455951409
1200 0.918453595913
2063 0.918452769961
1685 0.918451458632
320 0.918435461075
24 0.918434097527
1303 0.918431340753
2439 0.918427518754
3919 0.918405621054
2132 0.91840132636
4631 0.91838796106
2882 0.918384604282
3691 0.918372900542
1688 0.918369685489
2491 0.91836418578
1047 0.918353325231
4442 0.918345827543
3055 0.918344482536
4343 0.918341975525
3726 0.918334895701
4761 0.918329437516
2927 0.918326787065
1008 0.918323994991
1848 0.918321977981
2026 0.918308717009
3863 0.918305479938
2933 0.918304767283
3562 0.918304666077
311 0.91830291259
1299 0.918287999884
1009 0.918278435258
3633 0.918259587347
3704 0.918257962208
808 0.918256366672
4029 0.918246866954
507 0.918245725648
857 0.918241716745
1137 0.918232208775
506 0.918231616047
2234 0.918227434514
86 0.918221993416
1294 0.918217891614
3989 0.918216462077
2898 0.918210383814
1220 0.918209205514
2144 0.918204835586
4732 0.918203888061
4387 0.918202906538
2358 0.918201984226
1251 0.918201211445
614 0.918199390161
3631 0.918199151867
2283 0.918177160805
2105 0.918174234872
1014 0.918172678713
2840 0.918172274523
4006 0.918171943058
1658 0.918164759888
478 0.918147161583
1793 0.91814609784
2137 0.918132657263
1030 0.918121740858
4451 0.918119393045
3015 0.918107023107
3164 0.918104763462
3156 0.91810473809
3269 0.918097643008
2974 0.918089047302
1039 0.918085182157
4722 0.918078479908
2566 0.918077127289
1351 0.918076797743
1154 0.918075939891
4399 0.918075583024
4388 0.918074792676
1439 0.918072340549
1214 0.918056158609
3210 0.918051232194
4283 0.918044341584
2929 0.918033343035
1482 0.918032283126
3113 0.918025583982
1167 0.918021337542
4390 0.918019630886
1858 0.918016930604
552 0.918003601666
2918 0.918002933938
2244 0.917985043203
2873 0.917974701632
147 0.917958395007
2293 0.917956574384
827 0.917951277356
81 0.917945650701
3391 0.917944489997
2546 0.917943684709
757 0.917934206752
3379 0.917922582591
4174 0.917921927663
2148 0.917918296123
3907 0.917907191619
3866 0.917898065199
1516 0.917893293765
3588 0.917885735338
3582 0.917884548951
1575 0.917868179531
3619 0.917861253905
4448 0.917858459766
938 0.917833963416
377 0.917833308919
2790 0.917832504294
4240 0.917823931105
2600 0.917819224146
4670 0.917817884071
2192 0.917815521376
3860 0.917813701319
3716 0.91780488117
492 0.917788051275
2508 0.917781967163
4485 0.917781871001
2621 0.917781259134
3933 0.917776282161
288 0.917771148969
242 0.917770610038
4219 0.917769073953
2089 0.91776859812
1728 0.917757263892
2524 0.91775163217
4331 0.917746856964
1399 0.917737299254
2054 0.917735630915
4626 0.917730523772
4309 0.917727184934
461 0.917721968653
1719 0.917721390304
3839 0.917717261203
2349 0.917711789478
634 0.917711016011
3961 0.917690343228
934 0.917690001795
3660 0.91768986932
877 0.9176876502
1765 0.917681470311
2926 0.917680955875
2306 0.917679016071
3096 0.91767405488
1968 0.917661584006
1451 0.917655881654
1715 0.917646789234
3587 0.917643736211
2334 0.917642703524
2632 0.917636635506
4704 0.917630674682
779 0.917627403493
2633 0.91761959297
4304 0.917609834
1033 0.91758457628
2052 0.91757767322
409 0.91757337185
2020 0.91757283679
1891 0.917522821498
4134 0.917517761724
2561 0.917517582665
2972 0.917514081687
2351 0.917512718191
2641 0.917509387145
139 0.917497097185
1863 0.917474778064
10 0.917472444489
621 0.917453984515
4788 0.917444907942
3597 0.91744440803
4207 0.91742178566
4016 0.917405599218
1847 0.917401481642
3778 0.917399382332
2438 0.91738367068
3477 0.917379258663
1494 0.917371586807
2854 0.917368888021
3470 0.917358297735
1215 0.917355428686
1487 0.917353979581
1442 0.917328052287
3671 0.917325304358
400 0.917319100042
403 0.917309826459
1244 0.917299598723
1603 0.917296442306
188 0.917289786486
1320 0.917274080371
1241 0.917262947648
364 0.917261541856
2074 0.917259189624
368 0.917251502623
254 0.917247457803
4530 0.917243390407
905 0.917237259185
2700 0.917234951408
505 0.917216001486
3790 0.917211065486
4816 0.917185479259
2326 0.917169753193
1950 0.917167867161
4136 0.917158457468
4435 0.917156791632
4248 0.917156235849
161 0.917152094536
2381 0.917147088201
3983 0.917141797827
407 0.917095128803
2722 0.917088133281
4494 0.917083368595
2960 0.91708118303
286 0.917080390714
3174 0.917076569242
1791 0.917074153905
3 0.917063218214
1637 0.917059489278
4099 0.91704407545
2999 0.91703890449
3435 0.917037246693
3012 0.917029626473
3954 0.917023958791
3601 0.91701391268
989 0.917007065083
2829 0.917004366871
1031 0.916998959931
2943 0.916992269714
4739 0.91698860658
1805 0.916986150082
2022 0.916985953389
3146 0.916979196998
4633 0.916973985059
2486 0.916969616393
3738 0.916969449141
382 0.916948416569
1490 0.916946149082
687 0.91694428107
3830 0.916943279273
2760 0.916936242517
812 0.916935343954
2609 0.916934281775
2189 0.91693416271
3296 0.916928011841
2610 0.916926881399
3852 0.916916131639
2088 0.916888445939
4559 0.91688559645
204 0.916881946258
3399 0.916879387695
584 0.916877745817
4102 0.916875273592
265 0.916871829975
4637 0.916858407173
4203 0.916840740061
331 0.916837729383
4421 0.916834720843
1939 0.916827944736
3042 0.91682775191
4601 0.916820953275
1567 0.91681814336
2900 0.916813282929
355 0.91681272075
2551 0.916810523964
2923 0.916802640585
1483 0.916800795722
3678 0.916793925376
406 0.916784858783
1228 0.916784041975
748 0.916783185877
1857 0.916781979371
2139 0.916767518389
2852 0.916756214298
960 0.916733777241
2316 0.916715354094
4422 0.91670926735
709 0.916707348325
2987 0.91670142469
1729 0.91668673041
2061 0.916684831134
2971 0.916678916129
4552 0.916677201851
3705 0.916672191809
2452 0.916669849573
1651 0.916653295525
3482 0.916647057297
1402 0.916643833312
2059 0.916635852324
972 0.916626267275
3912 0.916620498603
3401 0.916619695627
1353 0.916616848074
1769 0.916605530135
4340 0.916587463942
646 0.916580716309
3940 0.916576689191
4349 0.916567566253
3780 0.916566806629
2238 0.91656513222
4770 0.916563451568
1676 0.916562550102
2090 0.916522819838
3903 0.916517382848
873 0.916509457962
743 0.916504419628
3559 0.916494908214
4610 0.91649383757
3301 0.916492866845
1049 0.916488176508
4286 0.916477287241
3528 0.916475842123
2859 0.916469346173
688 0.916467900004
460 0.916457599498
4141 0.91645474412
3003 0.916449949445
2285 0.916445748877
3362 0.916429724643
1775 0.916426668928
3662 0.916409830672
3123 0.916403995217
433 0.916403877141
2277 0.916398527018
2109 0.916395655114
1829 0.916380405152
2550 0.916374670995
45 0.916370451033
4609 0.91635950864
4687 0.916357363449
3668 0.916355689207
390 0.91633745473
1717 0.916306364748
30 0.916286314811
3526 0.916280404211
228 0.9162775883
4738 0.916275543452
2046 0.91627408347
370 0.916266361548
138 0.916248324869
3235 0.916246660183
480 0.916234191204
3272 0.916227467559
2562 0.916220995712
3168 0.916213105586
786 0.916210530629
711 0.916206259271
2433 0.916200848338
191 0.916199051127
1326 0.916180381306
2990 0.916179881367
3426 0.916160104197
4170 0.916135797084
302 0.916133878769
3430 0.91612684042
3361 0.91611530166
3158 0.916090918059
3655 0.916087247741
870 0.916082349671
4336 0.916079744198
1573 0.916075804891
3836 0.916071979861
3023 0.916064795955
69 0.91603329209
4521 0.916030939459
4419 0.916030150362
2322 0.916017420587
1872 0.916004889428
2216 0.916002704456
4628 0.915997213528
1624 0.915994172915
1954 0.915989763015
412 0.915983815861
4466 0.915982125741
666 0.915981469897
106 0.915976289049
3320 0.915971446716
818 0.915953259923
1984 0.915951697459
543 0.915945163165
2939 0.915935590182
3427 0.915928992534
1778 0.915928103279
926 0.915925927797
4757 0.915920729237
4313 0.915918671804
4740 0.915913559895
2177 0.91590156761
171 0.915901259209
3663 0.915900237552
4361 0.915898985674
4598 0.915878445498
1594 0.915876195272
2297 0.915868936293
3507 0.91583963712
3371 0.915838584404
484 0.915838483759
1708 0.915808185774
42 0.915798148712
3869 0.91579528361
4648 0.915792200453
65 0.91578599671
3922 0.915780955364
2769 0.91577823075
1680 0.915772248207
3386 0.915770886833
601 0.915770467405
36 0.915768855821
1893 0.915762136615
882 0.915752172394
1701 0.915747463269
41 0.915737799479
3122 0.915731775628
4095 0.915715611087
2409 0.915712565227
4512 0.915700888317
1349 0.915682293796
722 0.915673720614
3786 0.915668572122
4583 0.915668012253
3029 0.915665216601
4721 0.915660751183
1347 0.915654615588
2881 0.915648787317
2823 0.915643755341
4645 0.91564206455
791 0.915637129092
3163 0.915616913024
381 0.915612070599
4634 0.915604663521
3956 0.915600274202
3267 0.915587947436
2879 0.915578963088
60 0.915568228856
2928 0.915565215686
2374 0.915554381204
4612 0.915548628228
164 0.915545399946
1868 0.915541045716
2872 0.915538267969
1170 0.915536714253
1242 0.91553031741
856 0.915530219477
4021 0.915524155444
723 0.915520130945
3841 0.915517024198
2757 0.915511144136
1452 0.915500437715
3347 0.915473804746
2258 0.915472144846
2967 0.915466306517
2194 0.915464523934
3859 0.915461198701
176 0.915457012862
2097 0.915453984097
3232 0.91544377381
3877 0.915443535591
1296 0.915442686823
4145 0.915442613378
986 0.915424372267
836 0.915423052737
1272 0.915415521912
2855 0.9154009786
2140 0.915400752334
3227 0.915387855696
4233 0.915387840821
4686 0.915387099553
3683 0.915376320632
4096 0.915374376074
1218 0.915371999812
1500 0.915369309799
4611 0.915365744581
1660 0.915363106697
1193 0.915362810782
891 0.91535473513
4695 0.915354064819
2864 0.915353415262
1972 0.915344783207
3337 0.915342927728
2962 0.91533879462
233 0.915327123893
600 0.915314914328
2513 0.915294745973
2310 0.915290686669
4520 0.915288894293
3268 0.915284947807
561 0.915277271871
2580 0.915274823813
2863 0.915263440462
3223 0.915263152288
3742 0.91524969628
1709 0.915233436795
1172 0.915231674774
2674 0.915228022133
4531 0.915221879113
2384 0.915220351188
469 0.915199979513
906 0.91518754132
3665 0.91518113884
1313 0.915164794968
3063 0.915153700715
2795 0.915148252597
659 0.915147046967
4320 0.915139549645
4705 0.915137969389
2465 0.91512955137
3942 0.915112411613
1982 0.915110154166
3543 0.915109970826
993 0.91510243076
3958 0.915092697836
3026 0.915089774226
3807 0.915085594998
1520 0.915084809218
2625 0.915077412176
38 0.915065018907
2535 0.915059685345
3310 0.915055765763
3495 0.91504963092
1650 0.915046640053
427 0.91502656661
4146 0.915024884735
4280 0.915018883246
3067 0.915010579887
4143 0.915003175173
1226 0.914998960859
1231 0.914996132313
2506 0.914989189962
85 0.914989034089
376 0.914987638738
66 0.914980863287
3688 0.914972151275
974 0.914937970742
426 0.914935143273
2723 0.914932280066
2464 0.914929493713
1358 0.91492206122
2422 0.914921224646
3313 0.91491975419
694 0.914919278381
2284 0.914915673592
2984 0.914907089286
4129 0.914907087588
4105 0.914896960653
4663 0.914878925075
4453 0.914877447919
2033 0.914864636345
1948 0.914854800016
3677 0.914841713225
3383 0.914841415772
4590 0.914836134645
4206 0.914826183264
72 0.914826100527
1895 0.914805743974
3412 0.914802869048
1633 0.914800668897
2317 0.914800114919
3396 0.914796244872
4798 0.914791704889
1026 0.914790893945
3033 0.914781794076
118 0.91478063826
3604 0.914771984356
2446 0.914767625672
1807 0.914752633924
1564 0.914748314042
1588 0.914738502125
4169 0.914732734516
2493 0.91471679888
155 0.914716525563
2658 0.914715618467
51 0.914710470615
4546 0.914708883522
555 0.914698638121
189 0.914694826757
4615 0.914685286163
3246 0.914684936497
636 0.914680635007
3014 0.914679195075
1034 0.914675731616
3831 0.914663984099
2053 0.91464422216
3550 0.914640178705
4180 0.914613097864
899 0.9146054927
283 0.914603738084
751 0.914588245639
3849 0.914587372136
3753 0.914578076323
2762 0.914573310415
347 0.914556946804
990 0.914555158332
981 0.914547363499
3380 0.91453707793
3166 0.914536940476
575 0.914534833304
3097 0.914533324292
3148 0.91453140027
3243 0.914524107138
4665 0.914517220114
1139 0.914513260692
3997 0.91451320349
754 0.914505973345
4492 0.914498326161
3674 0.914485416008
2249 0.914484911961
4458 0.914477237334
3432 0.914452933786
933 0.914429455279
1992 0.914392690124
435 0.914385787878
2333 0.914385511853
3342 0.914384439752
1457 0.914376636165
1217 0.914370202569
2200 0.914366151955
2969 0.914365165303
4261 0.914343668852
1784 0.914335591362
3519 0.914334133455
4295 0.914311261419
1555 0.914299699584
154 0.914289314941
3458 0.914288767804
4754 0.914286332864
379 0.914260006313
1007 0.914249322325
3552 0.914248996778
4495 0.914245727318
953 0.914236641892
1474 0.914229277494
3448 0.914223870826
4279 0.914191860438
3070 0.914176612463
1339 0.914141998506
713 0.914139687279
402 0.91413823027
3474 0.914118259248
4768 0.914117924176
156 0.914114853129
369 0.914105142958
1759 0.914092263359
2988 0.914091293331
1128 0.914076205929
1273 0.914075986208
869 0.91407275485
4371 0.914071524396
2804 0.914063536012
2934 0.914047266472
136 0.914046682432
3008 0.914042030477
3805 0.914040639065
1473 0.913996808644
3304 0.913991970103
3258 0.913986392014
1302 0.913986006556
1967 0.913977412043
3868 0.913976647723
59 0.913974740018
585 0.913973743684
1781 0.913972844291
3579 0.913967854814
838 0.913963390687
4091 0.9139599519
4643 0.913959811835
3265 0.913949947881
3375 0.913947344248
3994 0.913946414259
979 0.913930801853
4807 0.913920962511
721 0.913916364159
4743 0.913898682636
2227 0.913890450789
2246 0.91388777565
1330 0.913879122908
322 0.91387657563
4245 0.913873100141
362 0.913861395859
2373 0.913845890044
83 0.913841611418
1786 0.913837282348
2221 0.913814623718
3609 0.913813622004
3573 0.91380841118
3061 0.913802196156
4094 0.913802161804
839 0.913800107147
2495 0.913794107395
163 0.913786554713
3340 0.913782856258
4395 0.913769937481
3975 0.913752949493
3581 0.913739012929
3312 0.913734257646
2519 0.91373227766
208 0.913729576706
2718 0.913727590579
2308 0.913725470869
2563 0.913712292455
437 0.913710170551
2430 0.913696914661
1352 0.91368052736
2507 0.913661578129
1789 0.913648556191
1840 0.91364610827
1795 0.913642083748
1327 0.913631152621
1524 0.913622963688
1263 0.913619434676
1635 0.913614342821
4717 0.913613919454
1943 0.913612943269
1808 0.913609641229
4436 0.913608079735
1636 0.913606903366
306 0.913604976954
1652 0.913585456181
3287 0.913584585893
1663 0.913571326973
851 0.91356303959
3791 0.913560589285
3618 0.913545865459
1981 0.913535013147
2429 0.913523679101
1711 0.913518957271
3808 0.91351590446
784 0.913514282783
3998 0.913513188576
3144 0.913511706175
3137 0.913487658687
218 0.91348676179
3563 0.91347204387
1757 0.91346759181
2801 0.913466290696
3746 0.91346342205
2695 0.913463006199
1164 0.913455306267
3551 0.913450046798
1462 0.913441423583
2312 0.913438318132
63 0.913430166459
1151 0.913426158422
2124 0.913406980232
1819 0.913396106422
4760 0.913394610407
4157 0.913377648327
2376 0.913365703337
141 0.913354127756
4264 0.913346232751
525 0.913332417699
1121 0.91332586667
3574 0.913324983827
117 0.913317594263
4548 0.913294324141
202 0.913272804034
329 0.913250762209
2166 0.91325011697
4122 0.913244307622
1255 0.913244161927
4693 0.91323850766
1537 0.913232453084
1156 0.913231553764
777 0.913229088983
2740 0.913204800743
2634 0.913204704778
1619 0.913198179346
1153 0.913192143079
582 0.91319110848
708 0.913180401509
771 0.913175734642
2242 0.913171351973
175 0.913165223553
4103 0.913163908337
781 0.91316108413
4522 0.913153466149
2387 0.913147140924
52 0.913139518128
2614 0.913132889199
2560 0.913129165877
941 0.913085961181
1177 0.9130851265
2724 0.913083961453
3938 0.913076429696
4003 0.913073305246
4269 0.913071237809
2466 0.913069669609
4212 0.913058680871
3348 0.913039883973
649 0.913036143331
756 0.913022366709
2120 0.913021688212
99 0.913020614207
569 0.913018903906
223 0.913017614423
982 0.913009829538
4182 0.91299820297
2010 0.91299402695
3993 0.912991554519
1498 0.912987382822
607 0.9129799125
270 0.912974965272
3857 0.91297054296
3424 0.912969170366
3862 0.912966701969
3584 0.9129642816
4511 0.912962934475
1331 0.912952922622
3434 0.912947641702
2416 0.912945434191
392 0.912944092811
1497 0.91292720515
4148 0.912925957429
2707 0.91291294092
2307 0.912911106363
2945 0.912908871168
2117 0.91289938514
4518 0.912896797444
1260 0.912894249414
1790 0.912890576645
3599 0.912869908469
310 0.912868773368
3041 0.912864874412
617 0.912825129019
3765 0.912812728626
811 0.912811140319
4285 0.912795855358
1110 0.912780314376
472 0.912774227635
3295 0.912757075049
2779 0.9127361042
772 0.912731497818
1204 0.912726579984
2361 0.912703711154
3217 0.912702585192
1292 0.91270244642
2396 0.912699003283
125 0.912683847128
4090 0.91265487299
2098 0.912649852189
482 0.912644660084
1384 0.912621677339
3595 0.912602400562
148 0.91260192695
1669 0.912595233126
4409 0.912594612515
4197 0.912590780524
1762 0.912589640982
2995 0.912578350741
3333 0.91256789456
3558 0.912560916171
762 0.912559319822
1649 0.912544967636
1431 0.91254083085
3923 0.912526114232
4281 0.91252584125
946 0.912519169853
2172 0.912515695182
1270 0.912501997132
3578 0.912490076049
2753 0.912480438164
4614 0.912479756343
2911 0.912462524739
2791 0.912454648602
2176 0.912449178902
3147 0.912438021783
3853 0.912437453526
3931 0.912425393049
1046 0.912424191281
2888 0.91241886691
915 0.912410797364
58 0.912397467118
861 0.912395033935
1071 0.912394999525
3346 0.912387713882
3787 0.912379917091
1427 0.912373927067
1952 0.91236782585
1721 0.912356036585
477 0.91235334251
3318 0.912339151409
1117 0.912338420082
2188 0.912317207854
719 0.912312343134
4490 0.912294357057
2290 0.912268951841
2069 0.912266582162
305 0.912262135944
4497 0.912260374999
2531 0.912258952793
2087 0.912248728018
2006 0.912222598902
2380 0.912215398432
4767 0.912212949446
730 0.912212761262
251 0.912201679109
1661 0.912186617847
4332 0.912182472166
1291 0.912180863897
4667 0.912164062246
2378 0.912126756718
1093 0.912096250439
3854 0.912093422876
3925 0.912082498942
1166 0.912080936151
4370 0.912080035503
1386 0.912074242164
3643 0.91207030887
3921 0.912068119275
3157 0.912063011127
3445 0.912054131049
1085 0.912053452142
3121 0.91204932942
4569 0.912038523377
4434 0.912024723507
1674 0.91201251254
4545 0.912011102635
172 0.912000430874
424 0.911973506681
365 0.911968703959
832 0.911965411058
2514 0.911964457784
1963 0.911955704606
3696 0.911948424251
865 0.911936937955
717 0.911918362246
4400 0.911908765672
1764 0.911904364925
583 0.911898265429
3013 0.911885803242
2243 0.911884654847
241 0.911877000372
2432 0.911858524825
4630 0.911855581799
1869 0.91185364421
3339 0.911849713796
890 0.911848199274
3180 0.911835150671
2267 0.911833641499
1512 0.911826189602
1458 0.911816751833
4353 0.911792668485
1529 0.911788845774
2163 0.911786324717
1443 0.911778011247
375 0.911770924151
4805 0.911769483965
1996 0.91175064208
183 0.911746026364
3134 0.911721230216
2414 0.911715489012
4224 0.911709139103
1312 0.911694271775
959 0.911692927648
4706 0.911688928452
2393 0.911685963318
1145 0.911673778334
3661 0.911673453224
528 0.911665420549
1571 0.911661158119
1545 0.911646898927
3316 0.911640464876
2408 0.911631527579
3988 0.911624825336
2394 0.911597356211
2101 0.911594211128
3796 0.911579392758
1383 0.911577862904
463 0.911576723558
4555 0.911562612806
4771 0.911556857813
4528 0.91153721785
3842 0.911528357822
4111 0.911523159822
2399 0.911520516005
2975 0.911519041418
418 0.911504840051
4527 0.911503685808
2204 0.911496980092
622 0.911494759124
4778 0.911484734318
2936 0.911470888184
2504 0.911466515191
1818 0.911436564301
4257 0.911430386756
1508 0.911426792023
992 0.911426480632
3456 0.911409069512
886 0.911404964621
4729 0.91138924238
2001 0.911355967464
3237 0.911351418611
580 0.911344581707
3803 0.911337347557
4427 0.911332560323
1368 0.91132795089
1983 0.911316075674
3813 0.911314911355
3257 0.911295209119
4445 0.91129441807
4447 0.911284346845
4779 0.911280784329
2808 0.911279340914
4673 0.911274815281
1556 0.911271695153
1761 0.911269817197
3575 0.91125968021
1642 0.911246768367
3360 0.911229159
1586 0.911227751744
4703 0.91122572786
4734 0.911224123909
1425 0.911215587751
3161 0.911209363137
4260 0.911207623925
1288 0.911204737649
2747 0.911203093485
4791 0.911181541985
2245 0.911155140894
2509 0.911152114057
4452 0.911139053697
1202 0.911129936195
2839 0.911128050897
4038 0.9111237394
2070 0.911112092318
930 0.911106452567
3382 0.911093135824
2073 0.911092442608
945 0.911086900416
4401 0.911085825236
229 0.911079290149
2206 0.911058224137
1013 0.91105691471
4550 0.911037936449
3181 0.911016238092
4374 0.911013898034
3593 0.910993486941
119 0.91098805391
4795 0.9109822706
3254 0.910981323294
3028 0.910966064255
3261 0.910964385806
2547 0.910962912206
2525 0.910930261991
2375 0.910925107847
3102 0.910906660323
775 0.910894748332
3531 0.910888976211
3228 0.91088051252
2082 0.91087932316
1309 0.91086005015
1109 0.910849509491
3798 0.910842681467
1479 0.910830484456
1628 0.91081210268
2907 0.910763845017
2629 0.910752112797
4534 0.910742586499
483 0.910737194412
2776 0.910711483576
239 0.91071025382
1534 0.910690768331
4566 0.910685727272
810 0.910661759315
765 0.9106608614
4030 0.910634964611
788 0.910610672101
1165 0.910595864639
2301 0.910588916937
3560 0.910587997993
317 0.910587156203
459 0.910584012591
3968 0.910572723137
843 0.910566435883
187 0.910550573622
4802 0.910543695227
1845 0.910533788575
2805 0.910526776262
712 0.91049900018
423 0.910491592093
190 0.910476683346
2388 0.910467463676
179 0.910457429016
1581 0.910457015963
2998 0.910452028116
2023 0.9104502348
2925 0.910401362158
1419 0.910390144368
4139 0.910376117009
1248 0.910348195566
313 0.910343975064
1448 0.910334682437
3263 0.910320041785
3250 0.910308644353
1495 0.910289893738
4636 0.910288249957
633 0.91028124795
859 0.910278190896
1565 0.910265328794
2030 0.910258798018
3506 0.910248445946
4323 0.910246196928
1489 0.910243646438
2868 0.910233413405
1417 0.910222640531
4251 0.910216144054
4510 0.91018782374
3020 0.910184931483
4539 0.910128003463
1189 0.910125568279
2018 0.910124558123
1332 0.91012382232
1585 0.910122090603
3814 0.910105093763
4028 0.910101500495
304 0.910072859381
3520 0.910067985787
2131 0.910067569901
2233 0.910059190067
3471 0.91005332405
2211 0.910047161923
4700 0.910044076273
1040 0.910037543699
1450 0.910037403984
2190 0.910034146108
1354 0.910032784231
4446 0.910029381411
3561 0.909992441543
1012 0.909988664465
3834 0.909980380682
178 0.909963767131
2292 0.909960184041
291 0.90995512077
1548 0.90995478076
3238 0.909953035658
3091 0.909946638047
2366 0.909942562912
2766 0.9099415432
3352 0.909939350914
2180 0.909918652171
3606 0.909907983145
4513 0.909868390723
4698 0.909868336951
734 0.909849198508
4730 0.909830258476
3580 0.909826787556
924 0.909815441047
1334 0.909814317656
4439 0.909802262768
2841 0.909781155859
3874 0.909763068136
4782 0.90974941711
4503 0.909694986113
2463 0.909685651272
714 0.909685340983
3800 0.909682428101
4591 0.909676387637
2654 0.909675159415
221 0.909675145289
2019 0.909674654938
502 0.909669647656
401 0.909668064335
3749 0.909662991735
3010 0.909655821783
2436 0.909644926627
1735 0.909639888566
2665 0.909635751272
1293 0.909633045721
2851 0.909629270971
547 0.909628348641
4595 0.909616189923
706 0.90959975442
968 0.909588441924
642 0.909584831173
1447 0.909584740098
2048 0.909583377047
4228 0.909577769617
3682 0.909565508196
2703 0.909548251934
2343 0.909518812785
3754 0.909514853773
143 0.909511938788
917 0.909488900544
4465 0.90947595918
2093 0.90946929324
1979 0.909456591802
720 0.909452128909
3685 0.909448016781
1792 0.909426908878
545 0.909403976813
1739 0.909402400786
3092 0.909396324472
3620 0.909370365835
735 0.909363144815
1621 0.909359092477
3824 0.909324735072
2576 0.909316753302
3743 0.909316017956
3111 0.909312611816
3043 0.909304581295
4010 0.909295724462
3409 0.90927809252
3913 0.909276875856
3017 0.909264372749
193 0.909259253118
1359 0.909246615218
2086 0.909235708385
4166 0.909222941524
3799 0.909215500257
1925 0.909207205561
2786 0.909205086625
604 0.909199806417
4694 0.909191801173
3136 0.909191553889
2913 0.909159682843
535 0.909155199415
2777 0.909150346997
2538 0.909143978977
2877 0.909134922403
803 0.909133437361
656 0.90912154821
1149 0.90911803548
2040 0.909116471857
4454 0.909081898915
3222 0.909059969146
328 0.909036237391
4776 0.909034978743
1655 0.909021734161
1230 0.909019787385
3249 0.908999896888
1723 0.908981304436
3289 0.908969802967
1572 0.908968504431
4199 0.908963721835
2450 0.908962780111
1901 0.908953264287
4205 0.908949312585
1600 0.9089342082
3357 0.908933261064
1953 0.908919179577
3480 0.90891220581
4793 0.908895883909
4004 0.908866951036
3721 0.908860453518
504 0.908859907379
1771 0.908851109707
4523 0.908843991226
1346 0.908841507684
725 0.908840667574
3976 0.908836608406
3457 0.908830699679
1990 0.908822653254
3840 0.908822494472
3603 0.908800718617
2360 0.908768200381
4641 0.908677037171
2816 0.908669982186
26 0.908666792952
2904 0.908649529188
4766 0.908639755827
3019 0.908633947286
4500 0.908633335676
2151 0.908628589677
1123 0.908609636746
1197 0.9086068961
1027 0.908600546639
4764 0.908587719678
1382 0.908571788845
2637 0.908571320835
1877 0.908566987939
1885 0.908566712676
1627 0.908553072664
2203 0.908523420559
1205 0.908519839393
1195 0.908502447216
731 0.908487742465
4462 0.908482483348
630 0.908482128236
1247 0.908474609448
3549 0.908467110788
3819 0.908465967366
296 0.908460727307
1295 0.908460528301
970 0.908459712999
645 0.908458659965
4441 0.908436406225
780 0.908386139102
963 0.908384725594
2331 0.908382854382
3431 0.908370369469
3469 0.90834780124
1316 0.90831769456
1461 0.908304379216
2035 0.908292479014
3192 0.908280373917
4039 0.908280370406
348 0.90827875463
1656 0.908278219816
3135 0.908261569208
2763 0.908259939167
4084 0.908228092127
4593 0.908219666295
1673 0.908207640993
425 0.908185241963
4763 0.9081716377
787 0.908168549043
301 0.908152444569
3189 0.908141625104
529 0.908133294844
2136 0.908131681572
4759 0.908126210103
508 0.908101706897
127 0.908081612927
664 0.90807515178
457 0.908052003088
638 0.908031406153
2021 0.908011375748
4263 0.908002313283
4426 0.90797446258
4115 0.907957271598
1942 0.907948860158
2412 0.90792150268
2032 0.907920328627
4119 0.907901562536
2274 0.907892495536
2741 0.907889685609
1752 0.907869336265
298 0.907857690174
1496 0.907843188826
3594 0.90784129741
2395 0.907822716569
1945 0.907803088658
1522 0.907797901368
1851 0.907784021556
1697 0.907775188465
3172 0.907734853909
3858 0.907725094649
4470 0.907723872384
1003 0.907710573551
3278 0.907700088646
3090 0.907693104229
4172 0.907687986014
3936 0.907678962683
4747 0.907668336235
1999 0.907662140757
2445 0.907658567522
3327 0.90762844913
1549 0.907627661941
954 0.907620864357
1410 0.907613569542
4255 0.907584557918
4620 0.9075773705
1684 0.907558992389
875 0.907557692397
3751 0.907551595287
4418 0.907547726919
3251 0.907503068306
2533 0.907502593702
2186 0.907492083441
1365 0.907434018513
3408 0.907407543442
2532 0.907404073139
3395 0.907383766644
2812 0.907374721248
923 0.907368345805
2870 0.90736788184
3021 0.907328559148
1306 0.907326247491
4375 0.907300608045
1931 0.907290110179
3756 0.907290007189
527 0.907286067636
366 0.907277731128
1960 0.907275846195
3848 0.907263738358
3557 0.907246601866
4553 0.907228894482
4515 0.907177305914
3532 0.907168937577
1032 0.907163433872
4078 0.907151331267
398 0.90714943415
2810 0.907132316198
770 0.907131542547
2095 0.90712387028
749 0.907119224336
211 0.907108557393
3208 0.907077635296
3266 0.907044304936
2482 0.907041034778
2328 0.907031579636
3902 0.907020991005
341 0.907016043023
3987 0.906988460773
314 0.906979254566
2350 0.906973723358
2265 0.906970066651
1416 0.9069653854
1927 0.90696506123
3820 0.906954865115
3600 0.906931988635
1130 0.906911058814
358 0.906908454545
75 0.906897720522
964 0.906894875299
520 0.90687033769
1280 0.906862874677
234 0.906856641344
2947 0.906829626239
2940 0.906822684046
931 0.906787457082
2652 0.906777858493
93 0.906769652879
4196 0.906749598928
2425 0.906748051025
1261 0.906748047264
1558 0.906744912315
4508 0.906744507542
2977 0.906733158352
4242 0.906703114524
589 0.906698830016
160 0.906695157557
4809 0.906693454198
1755 0.906682451399
1754 0.906680361714
4709 0.906666454648
353 0.906664161206
1592 0.906662681705
950 0.906653565013
16 0.906606119769
4627 0.906604455327
2471 0.906603727503
815 0.906592319187
3964 0.90659084626
4056 0.906576460292
1542 0.906567540378
4381 0.906542942755
1815 0.90653612857
4112 0.906530727819
1211 0.906524842959
3658 0.906507743252
544 0.906497327925
308 0.906487414383
925 0.906482747727
548 0.906478967042
2288 0.906478074809
2721 0.906466019289
4328 0.906465360006
2199 0.906455093272
3755 0.906431558328
2815 0.906428014516
2554 0.906426407879
186 0.906421858041
4714 0.906416062917
1682 0.906397721564
1203 0.906390796022
522 0.906336237812
4156 0.906325916101
1150 0.90632000342
1158 0.90631171945
4780 0.906300603831
3781 0.906290920949
955 0.906290341293
4487 0.906281445721
3828 0.906260313412
2149 0.906254593375
4480 0.906232185388
1798 0.906232005712
1727 0.906186266788
4561 0.906181419094
1052 0.906174644567
3335 0.90617184972
4701 0.906143388168
2994 0.906135708028
2664 0.906132557904
2906 0.906114342215
4155 0.906103112975
2751 0.906091588669
2761 0.906088931394
586 0.906082808417
2619 0.9060767019
728 0.906073733159
1114 0.906009738925
2694 0.906003060283
616 0.905993498369
3748 0.905929947814
4796 0.905922113753
3982 0.905877234101
3816 0.905854792428
3472 0.905848264407
112 0.905839725844
3297 0.905827296469
4639 0.905797940354
1219 0.905792016828
3535 0.905749743005
393 0.905726025652
4728 0.905723331872
2946 0.905704130257
4364 0.905688539998
1405 0.905681859622
1896 0.905627804764
1860 0.905622764479
3711 0.905619676858
2338 0.905614116385
3126 0.905602532504
4042 0.905591169642
1705 0.905589627625
3684 0.90557250432
2330 0.905566425007
4750 0.905565477954
653 0.905557318886
1773 0.905461299015
3377 0.905383768469
3801 0.905364709
2644 0.905361369803
1194 0.905353269675
866 0.905334512209
2691 0.905332953419
4023 0.905332107574
2706 0.905319345704
574 0.905315190465
4253 0.905314138789
1689 0.905308674773
4808 0.905308041321
151 0.905294584446
1830 0.905293377583
3649 0.90528065969
1562 0.905276776055
135 0.905228691124
4417 0.905222791046
271 0.905216206713
18 0.905200806042
1961 0.905196401319
4560 0.90518985807
626 0.905167772941
4052 0.905143859998
3145 0.905116886971
1132 0.905111204593
1986 0.90510902536
4519 0.905077790282
4599 0.905065020138
987 0.905053548627
2701 0.905035079237
3795 0.905011821614
2145 0.904999524654
2228 0.904999496606
1553 0.904984897973
2797 0.904979335166
2397 0.904972600348
2208 0.904963929761
4402 0.904948728116
3818 0.904935560502
766 0.904935182431
450 0.904922599366
665 0.90492108607
2217 0.90491865254
2715 0.904911655773
1367 0.904901434492
1125 0.904873722298
3851 0.904857248095
2544 0.904824807113
1779 0.904822530477
3454 0.904822252659
35 0.904809284335
2825 0.904807636917
499 0.904804662629
532 0.904797453785
215 0.904789316506
898 0.904782837833
546 0.904773251732
560 0.904764943038
685 0.904734697795
318 0.904732457034
1246 0.904724954042
4727 0.904719984358
3626 0.90469077785
34 0.904683681809
3378 0.904674084202
3591 0.904669668346
2223 0.904649535113
1704 0.904646049239
2516 0.904631473138
2758 0.904619701181
2756 0.904610794328
2826 0.904550788876
4715 0.904530055377
3247 0.904491166794
2128 0.904489212503
3459 0.904435111392
4567 0.904411518305
1766 0.904392867357
2592 0.904380214163
2754 0.904380130175
4489 0.904367725624
4293 0.904365558703
1985 0.904355967397
3577 0.904355575391
3306 0.904336116257
4238 0.90433268366
1388 0.904301051525
1894 0.904299581966
3878 0.904288709756
3701 0.904275328289
1576 0.904266140411
3350 0.904247656537
874 0.904223794862
37 0.904194624745
3846 0.904176856272
846 0.90414680885
2287 0.904141926996
647 0.904137270926
3453 0.904127751222
3255 0.904096322925
976 0.904092627998
1737 0.90408772898
1441 0.90407312863
2016 0.904070605978
900 0.904066526381
3706 0.904011511979
1342 0.903966107133
3659 0.903958424112
1995 0.903957207265
988 0.903920184723
2442 0.903902331019
1287 0.903892790331
553 0.903891314154
1788 0.90389048283
4558 0.903887218898
1392 0.903868310914
3390 0.903855125191
3423 0.903823409385
2231 0.903769271304
1554 0.903752461068
3329 0.903743289928
2060 0.903715043777
562 0.903707821411
4047 0.903673270702
3442 0.903637825708
1415 0.903611141397
1120 0.903605754764
1802 0.903585210316
4640 0.903570927204
3354 0.903561074118
2064 0.90355210794
2389 0.903551503032
2543 0.903532151339
350 0.903524621539
1618 0.903503294808
1119 0.903495837001
3451 0.903493816694
3439 0.903466210588
1763 0.903381815763
4359 0.903359815802
3782 0.903325976788
2329 0.903294227438
715 0.90329121684
2315 0.903278660175
2986 0.903273061172
932 0.903272279111
1257 0.903269877891
3514 0.903269264738
1526 0.903252138421
3960 0.903164237071
2115 0.903164064733
3034 0.903133960937
1187 0.90313054857
1486 0.903126990911
4086 0.903122099749
4457 0.903117651958
3717 0.903115730413
4194 0.903106460125
3044 0.903096373095
4708 0.903081468755
878 0.903045917808
4654 0.903024048055
3670 0.902991592708
1319 0.902977083955
4093 0.902976684733
1810 0.902945125765
1455 0.902937349022
1329 0.902930992088
919 0.902910448198
3715 0.902888618956
1849 0.902887519286
3760 0.902875687027
3025 0.902861523764
4437 0.902841567717
1577 0.902814258191
210 0.902795643893
47 0.902795385305
1629 0.902794454001
904 0.902781295933
3179 0.902779475932
84 0.902779265831
1780 0.902766684603
2899 0.902759180607
1880 0.902749421815
3972 0.902748334833
4723 0.902725821526
2696 0.90264859606
1515 0.902629079236
3673 0.902604146707
1878 0.902603220042
1892 0.902566911134
3150 0.902565866507
2062 0.902543121468
629 0.902524393371
481 0.902487166471
4277 0.902467732037
2169 0.902450634124
3467 0.902442576369
594 0.902412516811
2775 0.902402868319
3103 0.90239232115
1922 0.902391590466
104 0.902367519583
1978 0.902307172127
3274 0.902286199646
2681 0.902258053753
1583 0.902257917889
530 0.90222347348
294 0.902217367042
855 0.902169420691
4675 0.902156280844
2598 0.902155172593
2419 0.902123962954
62 0.902104834639
356 0.902099422347
1751 0.902096511882
4048 0.902092000423
4015 0.902086021415
64 0.902056828495
4493 0.90202289454
559 0.902006137696
2017 0.901985122908
4050 0.901983693543
540 0.901958891826
4491 0.901914683839
4526 0.90187651532
1998 0.90187396742
1691 0.901858795217
2341 0.901855292808
2005 0.901826836477
1533 0.90179126329
2497 0.901780805504
1732 0.901777387566
4505 0.901760183175
592 0.901753721938
3211 0.901732210736
2355 0.901715500868
3759 0.901689092488
1147 0.901655549084
3050 0.901636075376
431 0.901564828638
4299 0.901543008715
4326 0.901542650416
4222 0.901507255184
2773 0.901495634678
3302 0.901452768185
4486 0.901451639529
2114 0.901408701774
2248 0.901364644635
2 0.901359091293
1540 0.901355414754
1612 0.901267850345
2239 0.901256538687
3446 0.901250735517
4289 0.901222626484
4031 0.901220080718
3049 0.901187675974
1907 0.901185395502
4498 0.901176188677
816 0.901160478588
680 0.901157448114
3024 0.90113432222
3270 0.901120318309
2768 0.901101455729
74 0.901090307283
2656 0.901078673831
1465 0.901051780851
2155 0.901040190122
198 0.900987704604
4438 0.900969881645
3675 0.900911132172
2403 0.900833772701
2842 0.900826523123
3149 0.900757237051
4666 0.900727686408
2210 0.900725883441
3974 0.900722208802
2897 0.900721011111
3428 0.900708305459
1221 0.900688403627
3204 0.900680851322
2968 0.900652422507
3886 0.900591561278
1239 0.900589999169
2931 0.900588145023
98 0.900575912234
3924 0.900575394389
33 0.900530290253
2963 0.900486087435
3484 0.900451196347
536 0.900444053062
4184 0.900443397777
2792 0.900389354812
1001 0.900354164788
197 0.900348885209
1683 0.900347000802
4608 0.900333299723
2789 0.900313457843
4271 0.900307130863
2421 0.900298910576
4662 0.900298135066
1919 0.900267535084
3240 0.900264747838
1000 0.900206780048
998 0.900205136633
4020 0.900160748066
2058 0.900153882255
3734 0.900110411404
2365 0.900096678956
1898 0.900069464831
4037 0.900058786343
3657 0.900055836923
1022 0.900030711138
384 0.900028512728
4742 0.90002329898
2015 0.900019575458
984 0.900015736776
1639 0.900015143445
796 0.900002059806
1574 0.90000038221
4014 0.899995960044
4354 0.899989087047
2141 0.899965108714
597 0.899928685273
2932 0.899927300187
4085 0.899911089083
4358 0.899902015671
4537 0.899899723522
795 0.899861168409
1706 0.899855788187
385 0.899831347287
551 0.899812086834
852 0.899721111536
4274 0.899716082008
1989 0.899675164052
1770 0.899673357927
4124 0.899666057117
518 0.899632767652
3256 0.899615758001
747 0.899610389551
1977 0.899592524158
4731 0.899553603404
3406 0.899551549718
2402 0.89955017568
3838 0.899517734431
631 0.899500240922
4075 0.899463599158
3359 0.899439602088
4647 0.899439386469
1964 0.899374469381
819 0.899371631764
1254 0.899315424725
850 0.899309136835
4652 0.899307699726
4459 0.899287374928
3421 0.899283656383
619 0.899239335438
4699 0.899209312563
4702 0.899194756342
704 0.899193655287
2556 0.899190067931
1387 0.899186092917
4664 0.899183836754
831 0.899160565245
4256 0.89915336064
2886 0.899148093744
4314 0.899146703475
952 0.899142610441
4676 0.899130914037
2270 0.899091912999
373 0.899082005897
2415 0.899059872955
3911 0.899018551624
1936 0.8989485021
3186 0.898937792549
2029 0.898915896432
3547 0.89890383863
1930 0.898903012186
1286 0.89888774342
1328 0.898865836302
1385 0.898837914638
4202 0.898819491501
2954 0.898809260508
4246 0.89879955148
1259 0.89872256461
4794 0.898715105773
1924 0.898705436777
103 0.898690312488
1928 0.898637541123
2887 0.898622745768
2896 0.898621244668
2417 0.89862099319
3823 0.898594975625
108 0.898578871676
4450 0.898568662258
2134 0.898566419291
2952 0.898560239728
3967 0.898555108502
2865 0.898518724444
2912 0.898514437483
3229 0.898423062229
958 0.898414839123
732 0.89839698106
1917 0.898380973805
4108 0.898363777297
2843 0.898313913789
1423 0.898295968639
4677 0.898271481156
413 0.898248605675
2955 0.89823089079
4076 0.898218164044
4471 0.89816574218
2828 0.898160518403
2501 0.898147831449
3564 0.89814493648
956 0.898118719444
997 0.898096027322
3059 0.898076828778
1183 0.898023077465
3443 0.897994124773
3556 0.897991509316
4024 0.89789655458
1692 0.897878059978
2428 0.897852067529
3190 0.897848349505
2878 0.897840142266
739 0.897829392424
829 0.89782660808
1006 0.897823826607
2426 0.897812190467
3252 0.897810048298
2540 0.897800206152
152 0.89777350992
710 0.897764056404
4542 0.897754555699
4659 0.897753950442
1501 0.897713725207
4000 0.897695572009
3833 0.897646026706
2726 0.897642763479
4533 0.897600483798
1434 0.897591930893
4535 0.897547662641
1601 0.8975336328
1560 0.897528373574
2122 0.897515359008
3392 0.897505196975
1881 0.897480446058
996 0.897319710477
3777 0.897249310353
2473 0.897212050819
2078 0.897205111141
268 0.897190296741
1492 0.897154006803
415 0.897145678358
4411 0.897115853668
1843 0.897106611704
3990 0.897096290576
170 0.897078370121
1112 0.897063549624
3725 0.896967599579
1389 0.89686621079
588 0.896845040346
238 0.896801607664
349 0.89677286585
867 0.896762823
4087 0.896751553196
541 0.896750396843
4556 0.896737425805
3969 0.896671071372
655 0.896665840614
2951 0.89666549042
1774 0.896652035419
3832 0.896630376711
3437 0.896615476357
316 0.896596043851
256 0.896544763723
1321 0.896530979454
4815 0.896518371082
4524 0.896518216499
591 0.896518114648
3323 0.896516730435
3411 0.896456309402
2413 0.896422805036
1932 0.896385558007
2574 0.896372593112
2876 0.896367567905
531 0.896359787839
3410 0.896355858713
361 0.896337937835
848 0.896241408659
2153 0.896221165576
3231 0.896220745727
2914 0.896147747756
1630 0.896144912218
203 0.896111103017
1915 0.896087532299
4049 0.896081558171
1237 0.896076940337
1413 0.896050766905
3592 0.895983784472
4525 0.895961503177
4428 0.895892119839
1418 0.895888613944
2916 0.895836282385
1631 0.895832742043
2518 0.895787021546
769 0.895760064161
173 0.895752920949
3364 0.895675212044
3303 0.895668531506
299 0.895667946798
4079 0.89562406293
3139 0.895600160879
4089 0.895494148774
4376 0.89548605043
628 0.89547306155
1653 0.895461822042
447 0.89545863304
4469 0.895454947481
3736 0.895448035998
1005 0.895428081204
3850 0.895427818989
4660 0.895399871932
3970 0.895380763935
3002 0.895319553279
2653 0.895296341304
4082 0.895274371904
897 0.895247986037
4114 0.89524322871
4393 0.895222674816
2461 0.895199899598
4504 0.895184504044
3881 0.895167270126
2213 0.895137160141
1530 0.895134576021
1997 0.895072572542
2982 0.895063077725
2500 0.895030673536
56 0.895011093507
4077 0.894977102714
654 0.894957938237
2291 0.894845981793
2997 0.894827091643
3952 0.894819639064
567 0.894819606992
1420 0.894767964893
2363 0.894760818003
335 0.894753195777
1903 0.894715548667
4765 0.894671103453
3132 0.894669611604
957 0.894653014931
360 0.894647220991
4607 0.89464449672
842 0.894629536261
2527 0.8946294306
3093 0.894596210101
4455 0.894564972821
1042 0.894541856297
1436 0.894481917735
603 0.894474113879
4711 0.894469066898
999 0.89446023143
1466 0.894458432633
1654 0.894399147185
1485 0.89438804774
2107 0.89438796404
3307 0.89437289368
3537 0.894364737932
4431 0.894341842991
4501 0.89428201162
2846 0.894250451446
513 0.894225555106
2821 0.894221198501
740 0.894190106561
3637 0.894151222124
3905 0.894146562833
965 0.89412208454
4506 0.894114757353
4195 0.894112897135
4430 0.894063742331
1904 0.894027460418
565 0.894012413182
267 0.893992785756
3370 0.893917039124
3986 0.893915301014
290 0.893898297841
2138 0.893827309878
4769 0.893817177642
542 0.893814648039
3810 0.893781573862
4814 0.893707788695
2953 0.893683950898
3723 0.893670192718
4745 0.893654020767
3461 0.893644558825
1169 0.89361226221
895 0.893603489821
2300 0.893584097926
2405 0.893545359256
4298 0.893477607092
476 0.893417475553
2435 0.893327934109
4380 0.893313999519
1694 0.893308382683
517 0.893303440861
1271 0.893284180192
1890 0.893283587731
2009 0.893217656857
1744 0.893212969857
4322 0.89320989628
1108 0.89315141716
4499 0.893148957233
3438 0.893112989033
1188 0.89311061971
2838 0.893005675836
3462 0.893003022698
2162 0.892966595732
524 0.892964878411
4797 0.892884292406
4415 0.892875005917
969 0.892835989899
1279 0.892833308467
849 0.892794390298
738 0.892780145102
3433 0.892778343073
2991 0.892745264171
2215 0.89274126552
3248 0.892716289869
526 0.89269549912
3953 0.8926843436
3195 0.892622594407
1742 0.892545066284
3950 0.892501029711
3116 0.892481235189
2106 0.892475115341
4329 0.892458034657
881 0.892455587633
2039 0.892446245272
2817 0.89231507
512 0.892302567218
534 0.892302567218
3305 0.892259421934
3143 0.892234593551
3566 0.892231698153
566 0.892230665152
3871 0.892203175344
2410 0.892200129762
3740 0.892113175805
2222 0.89211117886
4022 0.892083659833
3844 0.892058039005
1551 0.892041925547
1409 0.892022941787
1926 0.892015441309
1854 0.892000284465
783 0.891974560506
1488 0.891949403128
326 0.89189377302
1491 0.891859660245
3384 0.891856043095
4069 0.891851641151
3622 0.891839592738
1838 0.891822551267
1502 0.891803556716
1933 0.891798496723
2949 0.891779293458
558 0.891778257023
3680 0.89175945799
896 0.89174994362
1862 0.891744128597
1318 0.891696986652
3209 0.891671282824
54 0.891604547288
2263 0.891546626293
1590 0.891510671283
3177 0.89147006892
3927 0.891452666597
3117 0.891446995709
3200 0.891426634177
4751 0.891372857659
3039 0.891326496985
3540 0.891256033196
2950 0.891248441257
1525 0.891224591368
386 0.891217560648
1783 0.89114110614
2038 0.891132004957
3761 0.891131658499
1796 0.891117644845
4356 0.891113692142
1315 0.891100094549
2891 0.891095875824
2007 0.89103619694
378 0.89090154933
4204 0.890872987579
563 0.89081369578
752 0.890793750331
4011 0.890781787401
1481 0.890774410719
3226 0.890766115501
887 0.890659806591
4305 0.890588001999
2803 0.890569474516
2281 0.890557046873
1478 0.890490199291
3349 0.890477720807
1437 0.890452455641
2727 0.890303347935
4051 0.890211176277
845 0.890209360609
3625 0.890152917295
4065 0.890091637667
1580 0.890070248851
4477 0.890060965842
4072 0.890007397827
2836 0.889950329807
4027 0.889931244351
2941 0.889920371818
593 0.889826216277
2168 0.889798553368
383 0.889789216671
1681 0.88977981884
428 0.889764646808
4644 0.889745476745
1874 0.889707104807
3731 0.889689718786
2443 0.88965908144
1435 0.889591664011
1002 0.889477931327
2165 0.88946940445
3935 0.889448316104
2080 0.889413506946
3885 0.889411787767
2299 0.889397415143
3630 0.889381766529
3191 0.889356462667
872 0.889353758618
2043 0.889353758618
1914 0.889345190748
3664 0.889342085531
4054 0.889315420089
4081 0.889276264981
196 0.889224323207
3036 0.889125498501
3815 0.889114005387
4211 0.889103450283
1920 0.889075456745
43 0.888960748847
3576 0.888934477177
3188 0.888934462752
4083 0.888908218942
2480 0.888878740195
2537 0.888824305659
2427 0.888822926661
1812 0.888821833314
3779 0.88881732677
3947 0.888759297211
21 0.888752481536
2739 0.888738350335
2894 0.888678860451
4073 0.888668450853
1620 0.88865790153
4008 0.888636381254
556 0.888636323592
3187 0.888600893102
3450 0.888461056313
2230 0.888435060198
521 0.888433049203
1916 0.888405423703
4433 0.888359034953
1859 0.888353664501
4287 0.888342961209
2785 0.888187635828
3058 0.888178845294
1116 0.888175251497
1622 0.888149668263
2000 0.888084310189
1127 0.888077997383
312 0.888060188893
3035 0.887949716104
2800 0.887874980167
2956 0.887869574769
3366 0.88774257046
3404 0.887656171129
3644 0.887541211968
2178 0.88753352766
2669 0.887441470101
3617 0.887426982615
550 0.887388083958
2081 0.88738547551
3797 0.887368978944
446 0.887197971743
2731 0.887190422706
3241 0.887178079378
3444 0.887168867173
4478 0.887126383967
4126 0.887085125084
1168 0.887078278464
1882 0.886936679014
2224 0.886817011052
595 0.886784804076
1395 0.886777516521
1391 0.886721979394
336 0.88671056792
4440 0.886683699163
1855 0.886675702752
4678 0.886634654625
3763 0.88655934123
503 0.886548028672
3374 0.886510270805
4625 0.886496288656
1304 0.886471385981
4236 0.886406519603
3205 0.88637825183
1527 0.886305596085
3758 0.886222018941
844 0.886165942811
500 0.886086823028
4538 0.886079004471
3440 0.886032900051
1846 0.886009321876
2014 0.886006533215
785 0.885918197151
4363 0.885870395667
2885 0.885827851579
523 0.885803241578
330 0.885692603062
3213 0.885648665624
3861 0.885565460512
2935 0.885484592703
4045 0.885436064632
2611 0.885428917076
1923 0.885427312677
4130 0.885415504923
824 0.885393721208
1547 0.885362832992
2083 0.885313830977
1731 0.885254156563
4516 0.88506565153
4656 0.885062652871
2729 0.885040728623
2209 0.884961782164
1609 0.884936338018
4062 0.884933402297
1426 0.884914745942
3809 0.884906780891
835 0.884897957093
3245 0.884874202299
564 0.88487204963
3762 0.884821671235
3946 0.884784702632
2050 0.884765140178
3616 0.884734417422
1024 0.884734284892
2892 0.884688214695
4335 0.884682298002
2853 0.884678052811
4541 0.884677594456
1440 0.884664937851
501 0.884612066683
2490 0.884609319636
3393 0.884586863474
111 0.884547836441
4044 0.88435921776
4744 0.88421150635
2734 0.884209494423
3615 0.884206364508
3196 0.884160302331
4416 0.884110966479
2710 0.8841057388
2730 0.884063699939
2732 0.884063699939
4278 0.884055110552
4696 0.884054490485
1929 0.883915152954
2602 0.883909046464
419 0.883879720042
2539 0.883878796449
169 0.883872208142
3273 0.883872154895
495 0.883727483667
1011 0.88360389493
3197 0.883555849025
2130 0.883543454914
3260 0.883412094815
516 0.883379144288
150 0.88336501982
4171 0.883303891271
3175 0.883248553195
3389 0.883213941117
3441 0.883127005908
4414 0.88312529307
1225 0.883108080443
1557 0.883024455231
2404 0.883017370605
2889 0.882972272837
1918 0.882955519487
3000 0.882954163466
514 0.882787011346
2356 0.882755813711
1140 0.882693834174
2672 0.882675119248
3288 0.882579273983
2278 0.882573947631
1962 0.882554410409
4683 0.882550304683
944 0.882409274027
4476 0.882408948885
1905 0.882357419858
914 0.882311095385
4496 0.882294482739
971 0.882277065559
2357 0.882259025349
4041 0.882179578335
3646 0.882178606996
2420 0.882170002618
1122 0.882091100595
1966 0.882047673381
1935 0.881983748677
494 0.881896344482
1867 0.881857791171
3965 0.881824381641
1057 0.881799624575
4602 0.881732049552
1902 0.881664112789
2915 0.881584243041
57 0.881567306114
4507 0.881553318069
4234 0.881533008224
3999 0.881446587322
2280 0.881242261308
2502 0.881203393402
4811 0.881162451094
2883 0.881079842009
4646 0.881065594025
3355 0.880977717525
1934 0.880948406442
3118 0.880946929912
2978 0.880797753388
3652 0.880784107912
1675 0.88065471444
3548 0.880648308995
4250 0.880583922746
110 0.88038500695
1056 0.880384341704
1265 0.88036162527
615 0.880353578261
133 0.880278212688
581 0.880193996552
2617 0.880152341414
195 0.880113823088
2478 0.880054149282
2964 0.880045124778
2286 0.880031945764
1493 0.880030763082
1212 0.880004569419
4262 0.879980783458
2728 0.879975975822
1253 0.879892178496
1322 0.87980149839
798 0.879761659426
1921 0.879745888526
1446 0.879672806401
4781 0.879667509877
1472 0.879652295094
1994 0.879633600524
2268 0.879614826071
4019 0.879526259599
4068 0.87951998239
1970 0.879498467649
1208 0.87946939221
2135 0.879412135664
3910 0.879369612023
716 0.879262610519
3629 0.879226723668
741 0.8791989314
3081 0.879168038542
4403 0.879147296142
325 0.879128671607
1811 0.879089626383
3996 0.879044381701
1245 0.879031657924
4161 0.878848754408
515 0.878821186111
3934 0.878804783431
351 0.87877775456
1745 0.878745186524
4787 0.878708068168
4026 0.878648635051
937 0.878636037341
2158 0.878621238477
4070 0.878312952997
3038 0.878279483242
207 0.878272921821
1227 0.878272921821
1559 0.878272921821
1777 0.878272921821
4092 0.878272921821
2787 0.878154778011
372 0.878054507113
2460 0.878034009347
3463 0.878015906191
1141 0.87798779421
3130 0.877969147179
4792 0.87795550399
498 0.877946042564
1099 0.877893696104
4231 0.877783003836
2655 0.877778680008
4362 0.877770013712
608 0.87767373976
4268 0.877640435172
2772 0.877617579665
1310 0.87745946936
660 0.877450664696
4540 0.877429697925
1133 0.877335170032
4352 0.87727137963
4339 0.877176172706
1876 0.877057716317
1748 0.877051999203
4789 0.876947284674
3165 0.876854891816
663 0.876826782372
1523 0.876776146561
3376 0.876698351544
639 0.87665603258
417 0.876655208653
3280 0.87661014736
3140 0.876584955845
2750 0.876569604078
1672 0.876553896245
2411 0.876361317768
1615 0.876320737617
4061 0.876300626367
4367 0.876277588217
2890 0.876272359516
609 0.876174230979
3776 0.876100126121
4275 0.876056003027
4226 0.876047651031
3032 0.875983352599
1879 0.875920821379
3517 0.87591220457
3173 0.875873811438
2659 0.875828579992
292 0.875707128956
668 0.875703994524
840 0.87558262355
1965 0.875360356442
3771 0.875314151791
1641 0.875285379348
3729 0.875268843814
1625 0.875220582716
1199 0.875181538096
2314 0.875155714712
833 0.875077151006
1750 0.874959586445
4327 0.874882255055
201 0.874832373482
4220 0.874758961886
261 0.874550322937
2457 0.874511456819
2847 0.874376733935
3785 0.874331807127
3315 0.874227159177
737 0.874218713954
3071 0.874181044164
4071 0.874142725131
2733 0.874129009154
4406 0.87391237323
3901 0.873842009203
3141 0.873778828102
3219 0.873620858108
451 0.873541827473
3115 0.873346052469
2848 0.873269196764
126 0.873259186701
975 0.873223664751
3567 0.873215148448
4223 0.873137053228
61 0.873125339392
3171 0.873108032615
181 0.873106483386
3184 0.872992541754
1797 0.872917402367
253 0.872892578497
3094 0.872585993158
3568 0.872535198595
134 0.872423896766
2690 0.872291499168
249 0.872225310443
3284 0.872163580997
4009 0.872144627954
4040 0.872108147772
1307 0.872090469519
3119 0.87207697678
4733 0.871913172699
19 0.871725771208
4713 0.871710255546
1015 0.871683210332
3722 0.871613749803
1623 0.8715963943
227 0.871571710838
994 0.871414539969
456 0.871364319212
4549 0.871316441387
1317 0.871226434264
3154 0.871189901887
681 0.871075544112
1644 0.871043563465
4394 0.870670884741
2309 0.870603458493
4624 0.870599567353
1975 0.870595227704
4762 0.870532892069
1955 0.870524233689
4726 0.870485062563
3182 0.870430082135
1381 0.870414118664
486 0.870361343055
2142 0.870312503281
4276 0.870287068494
3914 0.870127817307
2147 0.870097434092
220 0.870079552847
4429 0.870002156796
3602 0.869808425092
4517 0.869781226675
3112 0.869776869811
778 0.869775821719
1511 0.869720972997
2448 0.86971671187
2635 0.86964616631
3572 0.869356244353
4529 0.869275077235
293 0.869167836513
3194 0.86914821531
1699 0.869143133831
2746 0.869107370819
995 0.868969475795
2860 0.86894104739
272 0.868881384274
4088 0.868834861612
3212 0.868822148475
2689 0.868774249499
3294 0.868757650381
3178 0.868585274668
17 0.868579479832
2796 0.868570783464
2905 0.868544328984
247 0.868452181945
1341 0.868429283312
8 0.868343513413
264 0.868315354602
3730 0.868285543226
3167 0.868148030318
3992 0.867943182275
1216 0.867769684337
3712 0.867741916781
2937 0.86769390705
3486 0.867659581678
3792 0.867641534296
612 0.867582770797
1614 0.867429929176
2041 0.867346632916
2511 0.867343692071
123 0.867240153562
3234 0.867062935533
3128 0.867044186816
1736 0.866957887138
2534 0.866917539233
2232 0.866885215184
295 0.866844819937
1958 0.866840547626
794 0.866825173891
3697 0.866698490138
2202 0.866663294198
3053 0.866663294198
935 0.866585631863
3416 0.866505580802
4053 0.866427562136
3571 0.866425363863
3917 0.866302527016
2959 0.866238229915
2161 0.866205043884
2607 0.865991098526
199 0.86588234158
219 0.865691008759
3317 0.865690899612
420 0.865687436602
4034 0.865236322407
3324 0.865179127892
967 0.865146952396
4189 0.86507381135
4341 0.864967990963
3341 0.864901107562
4532 0.864784717927
3623 0.864756363832
826 0.86466995167
1018 0.86466995167
3436 0.86466995167
3098 0.864630111026
2571 0.864440760861
153 0.864279651652
3553 0.86398406633
3133 0.86395850823
4606 0.863894578332
3666 0.863835626427
736 0.863795343972
3605 0.863775019999
3085 0.863713016911
1632 0.86370489345
1899 0.863670652152
485 0.863586007179
2037 0.8635858312
3963 0.863568694752
2259 0.86336181241
115 0.863361352808
1268 0.863349328231
3793 0.863299342781
4012 0.863299342781
817 0.86325270684
1749 0.863156472235
3418 0.863149835353
1298 0.862886484465
2179 0.862825389692
2692 0.862787342873
444 0.862761375621
278 0.8626288787
289 0.86255921234
834 0.86240109495
2481 0.86232806024
2484 0.862262176332
3991 0.862114994393
4185 0.862039111985
1333 0.861985011398
387 0.861942654447
3047 0.861911806979
4651 0.861763091647
1698 0.861605846471
113 0.861573180284
4324 0.861564135882
1861 0.861473784216
1607 0.861420967272
2871 0.861420967272
1912 0.86136234588
3203 0.861355791591
4554 0.86132145139
1075 0.861294629782
2771 0.861253121952
1747 0.86124755476
2942 0.861239358525
1236 0.86120959113
3455 0.861159575006
4405 0.861130733743
2325 0.860988271998
4680 0.860875183131
1724 0.860874032129
4294 0.860646179842
4074 0.860590243902
4432 0.860533823317
1521 0.860520301178
3244 0.860126460071
4167 0.860109080921
640 0.860106778081
509 0.860043957114
3199 0.859975583205
2884 0.859897304681
4036 0.85987321255
2981 0.859730786933
206 0.859697779273
3120 0.859675282644
3494 0.859644511657
3358 0.85962387484
20 0.859600459758
3900 0.859578570629
4772 0.859411254022
1157 0.859407227979
2850 0.859390476213
554 0.859371914882
4237 0.859335053218
2423 0.859197544296
3381 0.859184618559
1820 0.858961525439
284 0.858916416045
3768 0.858871055762
888 0.858725288006
2922 0.858632683098
4235 0.858574466177
4617 0.858574466177
4562 0.858541330651
4720 0.85841181669
243 0.858281680563
3984 0.858270518607
29 0.858204211702
2401 0.858156882376
557 0.858081998357
2164 0.858017049207
67 0.857950152636
3218 0.857871672943
4239 0.857855644062
4385 0.857796524257
3906 0.857777686311
3827 0.857680433067
2260 0.857665831156
3624 0.857655718134
4017 0.857321807358
3011 0.857301557066
880 0.857250691505
3775 0.857086335824
4290 0.856963256775
3497 0.856916184241
3641 0.856912017791
4118 0.856859328004
3533 0.856635568921
184 0.856498173633
2708 0.856434651437
2671 0.856433032186
2745 0.856350730218
1045 0.856331199669
1184 0.856274229214
3957 0.856231644473
4424 0.856214520838
644 0.856080770062
868 0.856080770062
1210 0.856080770062
3847 0.856080770062
1543 0.856043674505
1816 0.855990344637
669 0.855778614665
2866 0.85571802471
1817 0.855575247304
3837 0.855539273653
876 0.855534123452
2743 0.855084967628
1459 0.854998542996
4193 0.85493627998
807 0.854913514505
2553 0.854804028243
1179 0.85461877334
2678 0.854613106071
578 0.854609577144
3276 0.854488116793
4423 0.854362478955
2515 0.854316725102
3817 0.854308933792
4060 0.854002485306
2844 0.853967128091
1725 0.85392313818
4603 0.853913049833
410 0.853889888341
1162 0.853827885517
2241 0.853809046716
1722 0.85377455764
4057 0.853623546724
465 0.853457279024
1700 0.853368282603
3331 0.853330704162
4408 0.853239013282
2693 0.852978374669
4413 0.852957311655
2092 0.85292822523
1464 0.852893961612
533 0.85277226946
1814 0.852768512554
464 0.852471076657
2418 0.852461422955
3479 0.852421900968
3022 0.852376381625
3499 0.852269495195
1411 0.852255323329
2196 0.852180955811
2275 0.852051032587
1343 0.852022110537
2125 0.851804736499
2545 0.851796998977
1776 0.851602188989
3941 0.851550340654
2645 0.85152432607
2103 0.851485647844
3737 0.85145127807
1696 0.851445710178
4292 0.851402627396
3920 0.851358432951
2197 0.851317592823
1432 0.851265516083
3485 0.851241281067
1091 0.851083628178
3078 0.851072707422
2470 0.851059621274
1285 0.8510541764
837 0.85083027097
2893 0.850729540241
947 0.850719662534
2530 0.850641469154
3802 0.850511241063
237 0.850480959638
4589 0.850427505144
2806 0.850401762587
3407 0.850351883004
260 0.850211091185
3505 0.850078530109
1690 0.849876196028
2028 0.849867950094
4035 0.849754749256
978 0.849586530655
3867 0.849552530212
3843 0.849511980142
4412 0.849499056551
2094 0.849423477396
1174 0.849328063743
4735 0.849227906499
4777 0.849128026518
4063 0.849109573154
3773 0.848806431131
3415 0.848760561997
1412 0.848596059367
4188 0.848427822614
1016 0.848358396033
2683 0.847817548065
2156 0.847657264746
4107 0.84763209712
3669 0.847503010098
3764 0.847422323399
1503 0.847328058009
2752 0.847318565124
1135 0.847197395638
1480 0.847054760791
4190 0.847012192729
2008 0.846756849694
1289 0.846704469275
55 0.846372053745
4689 0.846299688854
1913 0.84619314854
3129 0.84616460981
1252 0.84611795162
2682 0.846098454189
92 0.846092165455
4291 0.846089524108
3687 0.846070914486
2321 0.846052085637
3332 0.845825115076
623 0.845746475779
885 0.845720470962
1536 0.845682622795
250 0.845673811728
1376 0.845579472323
2051 0.84541854635
4133 0.84533803418
4410 0.845150784498
4321 0.845101098531
4201 0.844962608117
4221 0.844891289827
3321 0.844772346238
338 0.844743799724
951 0.844707067164
225 0.84466453211
4509 0.844638781435
1378 0.84460119538
3334 0.844575137076
3466 0.844545881348
4018 0.844527804391
1710 0.844362920213
670 0.844106618385
1454 0.844106618385
3422 0.844048793968
2344 0.844039810042
4344 0.843990946843
3185 0.843958476144
2175 0.843946772777
4392 0.843838097119
87 0.843642014506
3279 0.843051738035
3741 0.842971513264
3845 0.842764682957
539 0.842651183921
1531 0.842483626839
2091 0.842425268404
4254 0.842420592542
1617 0.842279602712
1499 0.842210617346
2067 0.84183039811
889 0.841701352621
4186 0.841622039478
4209 0.841436180672
1460 0.841386829952
2390 0.841318509061
579 0.840972667542
2057 0.840952827345
966 0.840676110603
3328 0.840654264712
1397 0.840600623636
1470 0.840588049236
1589 0.840588049236
2319 0.840588049236
3290 0.840561554786
3201 0.840559311681
2568 0.840421412605
4330 0.840315962244
2778 0.840219967242
2011 0.840114029937
2261 0.840038646365
4192 0.839835347005
3821 0.839727088744
820 0.839633092776
2036 0.839519049919
3713 0.83948394457
4748 0.839458984321
4672 0.839190519118
753 0.839017127306
4623 0.838846256429
3046 0.838684947716
2214 0.838558339214
1570 0.838305475921
4064 0.838109981691
3508 0.837950940594
627 0.83772181516
3311 0.837440140203
3394 0.8368943564
2133 0.836884851068
275 0.836871964959
3879 0.836843096695
1335 0.836717596946
4473 0.836629626532
3356 0.836511076358
1324 0.836495324933
232 0.8363822068
300 0.836316857621
422 0.836316857621
4369 0.836316857621
441 0.836242585457
2788 0.836098285486
2807 0.835999432055
4443 0.835829580319
3632 0.835474481327
4080 0.835397000324
2271 0.83517914239
374 0.835111024724
1038 0.834832818254
2236 0.834832818254
3949 0.834545135904
2631 0.834205343531
80 0.834152016152
1401 0.834150412991
1591 0.834150412991
2880 0.834150412991
3978 0.834135018949
2220 0.834118329394
1568 0.834042211142
3220 0.834036152396
4144 0.833892564503
266 0.833877945312
2985 0.833876331763
2725 0.833702193033
1344 0.833641823919
1 0.833611130383
3060 0.83332723914
538 0.833105711806
3127 0.832568240747
167 0.832537080077
1250 0.832537080077
1813 0.832537080077
2104 0.832537080077
3794 0.832537080077
4232 0.832537080077
4463 0.832537080077
4785 0.832537080077
1029 0.832066178868
2705 0.832009071968
2901 0.832009071968
3314 0.831991345721
3692 0.831817031369
3351 0.831747334787
248 0.831659253085
892 0.831587662967
1111 0.83136207767
3565 0.831357887047
1782 0.831345722754
1345 0.831295577497
2679 0.83122339398
180 0.83120617368
613 0.83120617368
674 0.83120617368
676 0.83120617368
916 0.83120617368
1105 0.83120617368
1186 0.83120617368
1528 0.83120617368
1718 0.83120617368
217 0.831126854637
4618 0.831126854637
4502 0.831094369418
4464 0.831085106894
3732 0.831072640418
1025 0.830992515446
4635 0.830966923921
194 0.830616913649
3739 0.830525568448
1741 0.830268245782
4658 0.83017364115
4682 0.830156101194
2437 0.830072014243
1720 0.829953645274
4113 0.829909298829
1163 0.829713224091
2837 0.829644632622
620 0.82957642996
4116 0.829512534068
2709 0.829347253889
1626 0.829255456612
2673 0.829164098757
2523 0.829139472845
3322 0.828754883305
1758 0.828654578326
287 0.828653889233
3468 0.828361953303
2079 0.828321020616
4120 0.828203910528
2966 0.828023160958
3100 0.827939788331
3596 0.827659885935
2386 0.827504878803
2686 0.827407457381
2845 0.827237827793
4582 0.826571301908
2129 0.826197724609
1693 0.826172878977
1004 0.82604293891
3513 0.826014409801
3672 0.825475680185
68 0.825459728328
1535 0.825344571928
4746 0.825219615219
2068 0.825125725881
3007 0.825037423052
3812 0.824984172013
3193 0.824572415854
324 0.824140212995
3628 0.824089862296
903 0.824037060073
1051 0.823714810525
3275 0.823056834269
1908 0.823035763875
2024 0.823007551046
4334 0.82258228925
2488 0.822471739078
2618 0.822229735536
442 0.822020270798
648 0.821960355525
2056 0.821758225231
3909 0.821575577911
2489 0.821490692906
962 0.820969594973
2802 0.820964878158
214 0.820893323629
2479 0.8207690578
624 0.820755919664
511 0.820661306205
4025 0.820661306205
4484 0.820661306205
1599 0.820455366651
4758 0.820102513868
2424 0.820077910261
2444 0.819809839085
4168 0.819802404086
4461 0.819621216094
2980 0.819468646464
4230 0.819255925004
2359 0.818928542605
2219 0.818699084449
4059 0.818626433044
120 0.81835171876
3291 0.818053775296
2034 0.817970719097
4817 0.817925230611
1993 0.817895823991
3088 0.817718566527
632 0.817647485938
1377 0.817595716355
1136 0.817360562615
73 0.817036052238
1906 0.816989701854
4679 0.8169683297
3714 0.816906099293
25 0.81665068586
2608 0.816542000214
4266 0.816529201206
4164 0.816483701291
3679 0.816335886332
1314 0.816225353676
3040 0.816128227715
3202 0.816106123139
3473 0.81604698274
2191 0.815702667683
3784 0.815399577495
3037 0.8152819609
487 0.815194166038
4067 0.815145522418
3198 0.815081586604
1338 0.815063763425
991 0.815022336024
4741 0.814837976609
1834 0.814440440883
1734 0.814409679195
4106 0.814073502584
3835 0.813568379409
4488 0.813208299372
3277 0.813041087969
4247 0.812891396594
3264 0.812717337198
2831 0.812483577874
3570 0.812223908192
3183 0.811928556205
2262 0.811904879465
2548 0.811573211061
3648 0.811521839881
1192 0.81136958629
2364 0.811001825706
142 0.810698598469
1695 0.80978020119
4786 0.809451453803
3107 0.809368968191
918 0.808595945952
2201 0.808073775015
3481 0.807903107837
3325 0.807846618171
1911 0.807835617111
185 0.807640547268
2407 0.807590192996
1582 0.807425495292
4066 0.807255864673
4179 0.807136237174
1124 0.807048572371
2368 0.806366554156
3239 0.806059334484
1550 0.805913280047
2684 0.805636883837
3856 0.805526746871
1980 0.805441390219
1803 0.805344122613
263 0.805205114161
344 0.805085599345
1209 0.804975067452
2784 0.804962443376
2047 0.804944188173
2643 0.804677541344
354 0.804646893616
3995 0.804500405228
4131 0.804469433749
894 0.804297044358
4719 0.803727812116
44 0.803584173911
4806 0.80292487275
2076 0.802341645753
77 0.80194739158
2118 0.801868427883
3170 0.801614300105
652 0.801458988627
4690 0.801362909644
4213 0.801251143725
2449 0.800960417416
985 0.800539970023
4379 0.800218683605
2902 0.800203641987
2447 0.800099938579
3752 0.800000646369
2077 0.799866746374
1037 0.799501729763
2685 0.799460947315
4152 0.79918433723
3452 0.798788060021
1400 0.798427245464
675 0.798414289044
3710 0.798322656661
3829 0.79815486449
3783 0.798094248677
53 0.797872062649
4749 0.797668324883
2116 0.797435765451
2687 0.797350372642
1605 0.796713025931
4596 0.796495049038
2624 0.796338241881
2198 0.795968950887
2957 0.795615585407
2503 0.795602581632
2477 0.794881308545
3569 0.794523403898
4350 0.794134750547
2456 0.793092021875
2066 0.792976703751
3718 0.792821604925
4043 0.792554629223
3489 0.792315903089
2526 0.791704680164
2676 0.791429199674
3345 0.791251883106
3214 0.791242458958
1206 0.791208228583
1379 0.791079681277
4267 0.790267140595
3985 0.790026212466
3744 0.789819342342
537 0.789617155238
1561 0.789432504344
684 0.788976023087
1602 0.788888320578
3215 0.788157238939
4674 0.787192084617
1438 0.787159447055
3788 0.78680956256
2327 0.786463498451
297 0.786233596312
4547 0.786052517536
2250 0.785738070127
4210 0.785537168074
2688 0.785483888832
3363 0.785343224034
3242 0.785028951267
4046 0.784563697385
2454 0.783640476527
3048 0.782902050981
3971 0.78239795704
462 0.782131919941
4649 0.782019938981
3770 0.78197258445
2996 0.781632962049
2193 0.781024450299
3720 0.780767464893
2755 0.78041743159
1311 0.780108081999
4138 0.779368449499
2650 0.779005745268
109 0.779000008258
1126 0.778860089135
4033 0.778482229569
1850 0.778092495511
1951 0.778092495511
4355 0.777867883207
587 0.777692058031
802 0.777559561192
1768 0.777439915504
3369 0.776860863215
3292 0.776697431642
1408 0.776491784946
854 0.776350868035
922 0.776262326669
4684 0.776076604881
1290 0.775369499028
1380 0.77535320863
443 0.775233526948
2529 0.774567472858
1910 0.774321288519
3236 0.774208374523
3614 0.774079911197
1182 0.773232059834
2362 0.773045317492
4685 0.772821214534
4604 0.772482631811
1484 0.771892369815
2455 0.771655767659
1519 0.771613266006
4296 0.771237000591
841 0.770910645049
474 0.770735390417
1587 0.770117367987
3769 0.770041641058
4813 0.769956764011
1608 0.769477991603
1909 0.769405518901
828 0.76900840013
2849 0.768994271687
1616 0.768973047687
3388 0.768783240208
4284 0.768713245263
102 0.768678190293
4753 0.768405310114
149 0.768380217618
3487 0.767296481143
2383 0.767234509563
2324 0.76677845217
2379 0.766632484258
4270 0.766054979034
3142 0.76506030441
346 0.765047555318
3702 0.76498629026
598 0.764914489712
4724 0.764303485979
3282 0.763511687481
1504 0.763214865939
1161 0.762851966525
4737 0.76279000985
4058 0.762722484677
2173 0.762411662295
4187 0.761251987335
3160 0.761021238631
4752 0.760838282216
4117 0.760640767557
2266 0.760313536532
158 0.760294881458
1449 0.760065254053
1856 0.759875205097
4259 0.759429381492
1613 0.758503332481
4818 0.75827921127
4479 0.757869162323
4474 0.757804861038
2623 0.757748481989
1152 0.757507546971
3928 0.757480311457
1873 0.757442953581
1746 0.757272213851
3131 0.757197177775
3538 0.756250825607
2976 0.755890611925
230 0.755732804052
1949 0.755506420498
4351 0.754865255471
3176 0.754393254391
4692 0.753985650908
2254 0.753852310609
936 0.752835330818
4691 0.75201775793
4013 0.750095011079
3253 0.749974912966
1171 0.749880226154
2462 0.749204349314
4668 0.749136702381
168 0.749073393945
2738 0.748381789453
4325 0.748173572725
4357 0.748054357189
4812 0.747848756809
4258 0.74737000804
3709 0.747243950548
116 0.746570777063
333 0.746570777063
339 0.746570777063
396 0.746570777063
497 0.746570777063
661 0.746570777063
718 0.746570777063
760 0.746570777063
797 0.746570777063
853 0.746570777063
1074 0.746570777063
1155 0.746570777063
1340 0.746570777063
1398 0.746570777063
1433 0.746570777063
1456 0.746570777063
1477 0.746570777063
1566 0.746570777063
1740 0.746570777063
1799 0.746570777063
1991 0.746570777063
2084 0.746570777063
2112 0.746570777063
2150 0.746570777063
2212 0.746570777063
2406 0.746570777063
2717 0.746570777063
2774 0.746570777063
2830 0.746570777063
3031 0.746570777063
3045 0.746570777063
3230 0.746570777063
3449 0.746570777063
3475 0.746570777063
3496 0.746570777063
3676 0.746570777063
3966 0.746570777063
4002 0.746570777063
4104 0.746570777063
4229 0.746570777063
4252 0.746570777063
4384 0.746570777063
4449 0.746570777063
4544 0.746570777063
4622 0.746570777063
4671 0.746570777063
4775 0.746570777063
4783 0.746570777063
4800 0.746570777063
3065 0.746254790764
3221 0.74622164789
2269 0.746191760128
216 0.746184575087
3890 0.746109705524
943 0.744795592707
761 0.744700187384
452 0.744361966315
677 0.743838066445
129 0.743174169268
2759 0.742208972884
4404 0.74190359455
4725 0.741829308256
89 0.741765102233
2909 0.741407344029
2113 0.741163634159
3904 0.740032852319
345 0.739906373684
602 0.739216425705
3225 0.739083151432
2055 0.738664395088
3681 0.737990217693
3271 0.737775658598
2944 0.736981300131
2720 0.736838079782
327 0.735692638936
303 0.734976915254
2908 0.73468145644
2195 0.734668416891
1957 0.734665946932
1866 0.73443021504
2004 0.733922695272
3656 0.73329664399
1610 0.732861268894
1471 0.732654221644
1743 0.732407654921
88 0.73204116975
3293 0.731875762599
782 0.730841206265
2767 0.730823459679
3865 0.730176599375
91 0.730043345015
1249 0.728499781857
4716 0.728499781857
421 0.728485185528
1509 0.726764771674
1785 0.726319402114
2282 0.72613589357
1640 0.724910217494
2857 0.724301420313
448 0.723384693619
4557 0.721702049935
1176 0.721671271424
3330 0.719901579592
4315 0.719797087025
2143 0.719308448888
3084 0.719041576819
4605 0.719033564626
4543 0.717550788419
90 0.717095111474
1611 0.71669709978
340 0.716646261953
1821 0.716054497363
3822 0.715974122303
3708 0.715403586204
4032 0.715204265049
2835 0.713921249318
2958 0.709388448882
3887 0.70922495096
3283 0.708880781814
4227 0.708746768588
4594 0.706981728207
724 0.706942367035
3066 0.706616073838
510 0.706549623739
949 0.706258903079
1828 0.706039815835
1076 0.705226771887
2590 0.704373793354
2013 0.704201968145
2528 0.704201968145
2827 0.704201968145
1546 0.703573021476
1146 0.702077160941
2289 0.701367552554
1414 0.701253720904
3703 0.700018080114
1086 0.699910513709
114 0.699106961721
2961 0.698989761855
1390 0.698881529214
1552 0.698537370563
235 0.698260467073
4661 0.697410940447
1023 0.695758632119
258 0.694964080017
1070 0.693461251778
2085 0.693413472529
2337 0.693125506008
414 0.69161676386
883 0.69140323723
658 0.688944822925
1229 0.688737184667
1017 0.687679870751
1753 0.687179408699
2483 0.682860337358
1463 0.682647388593
31 0.679954573479
121 0.679954573479
192 0.679954573479
240 0.679954573479
337 0.679954573479
605 0.679954573479
793 0.679954573479
948 0.679954573479
1308 0.679954573479
1428 0.679954573479
1514 0.679954573479
1730 0.679954573479
1956 0.679954573479
2160 0.679954573479
2353 0.679954573479
2517 0.679954573479
2675 0.679954573479
2742 0.679954573479
2979 0.679954573479
3216 0.679954573479
3397 0.679954573479
3613 0.679954573479
3767 0.679954573479
4007 0.679954573479
4265 0.679954573479
4472 0.679954573479
4621 0.679954573479
4688 0.679954573479
4736 0.679954573479
4784 0.679954573479
177 0.679784365782
3309 0.678331753279
907 0.678014445831
3299 0.677774959069
4619 0.677366390865
3930 0.677100572454
871 0.675919107246
1507 0.674537996507
3951 0.673592860881
1871 0.672881362662
4333 0.671826909615
4718 0.671646052043
4712 0.671274656249
1066 0.670703329907
411 0.670273277716
315 0.667562156652
4191 0.667479673459
2332 0.666132809401
2780 0.66612166129
3621 0.665388654447
2512 0.66509665764
3308 0.664871629198
3875 0.664789099461
1104 0.664543943728
2044 0.663881467182
1756 0.662547496282
1804 0.661511432922
2910 0.658665325354
262 0.657748927556
3057 0.653113750797
1505 0.652838298015
1671 0.652181362098
927 0.65185658454
672 0.651263636504
3460 0.650253398905
4514 0.650025815992
4373 0.648679006471
4101 0.648125594918
3916 0.647776725128
3929 0.645772782927
733 0.645546256846
2680 0.644150561162
667 0.642440434037
4551 0.642083999812
3233 0.641919415257
4444 0.641694083543
4360 0.641252361212
3918 0.641062522735
429 0.638346956847
3109 0.638301323887
1198 0.638027971075
847 0.635296365686
3707 0.635248092186
4142 0.634724041567
3750 0.633154417815
493 0.633029575066
1634 0.632434625187
363 0.631629291101
4697 0.63045604462
467 0.629436121525
257 0.626592014373
2264 0.626244517111
1430 0.626232311164
1648 0.624916713362
3476 0.624665095667
1946 0.624151380087
2226 0.622665959857
799 0.621170766866
3880 0.620621845931
2552 0.620403436426
893 0.620128638594
4710 0.61965537032
1875 0.617190992684
2171 0.617190992684
3052 0.616603796946
2400 0.615839492186
3955 0.611177911425
4391 0.610185886564
2184 0.60907536686
977 0.608685079778
2335 0.608604687786
1801 0.60762194803
4365 0.606800342621
2965 0.606566640382
319 0.605177857292
259 0.604768094255
3651 0.604201147737
1944 0.603109519096
2398 0.602806388017
3719 0.602183875226
1336 0.601832738802
4378 0.601572590788
3639 0.600100540486
1937 0.598636268344
3398 0.598607176952
1940 0.598582945971
2320 0.597854883198
2555 0.595902479663
1772 0.595036916076
4456 0.594639333125
471 0.591011170071
1794 0.590742411159
590 0.59011756958
3653 0.588679923002
4342 0.586505427697
4200 0.585770849357
2536 0.585528436992
3926 0.584927668059
15 0.584824131598
323 0.583817016037
380 0.581209325037
2697 0.58065887534
2522 0.579901907886
1445 0.579710656051
3959 0.578793102017
3700 0.577014629998
2626 0.57493539183
1941 0.574251377591
863 0.573005259857
3899 0.567382843838
200 0.565627453407
2822 0.562297150034
774 0.562095513937
1232 0.560108452413
4181 0.559891066927
1900 0.559763382986
1396 0.558055389004
1787 0.556687341124
475 0.55580338664
2119 0.55554282416
307 0.552792717099
1243 0.54775519516
3367 0.547548705519
1897 0.546112294834
2385 0.545881630652
4657 0.543711008172
342 0.543417135428
212 0.542124598354
879 0.539521927019
2354 0.539463183617
2798 0.5381485859
3654 0.53202465558
662 0.531943848453
1971 0.531038450065
2809 0.529960571729
3733 0.527278464396
1889 0.526943973363
2340 0.523773042927
2938 0.52356344001
3298 0.523485360938
3884 0.519221462547
606 0.518329529938
4425 0.515823552254
182 0.515234466546
2049 0.514029878012
132 0.51341630153
3973 0.510795778388
3368 0.510561630539
3162 0.505048041745
2276 0.504641765695
4475 0.503687570247
397 0.503398549681
2677 0.493524053718
2663 0.491318451102
2541 0.489000957542
4198 0.48662113272
2031 0.482061148716
3405 0.473720954789
3774 0.465977012527
27 0.463387057922
2167 0.460905062719
1173 0.457890128107
3373 0.455174387033
1148 0.453301631445
4468 0.450639907964
1738 0.445200726055
764 0.443759327741
4650 0.435977179918
3259 0.432670407433
255 0.428353365936
2065 0.42705489928
46 0.426881543427
3403 0.425098030971
4536 0.424742808628
309 0.408044699139
174 0.401588148875
4801 0.401164236094
3757 0.398948713019
28 0.388874321089
4790 0.387273326997
2372 0.382306755449
